0.22;4458.0;25.14
0.97;4452.0;25.16
1.69;4458.0;25.14
2.4;4452.0;25.16
3.12;4461.0;25.13
3.98;4458.0;25.14
4.7;4452.0;25.16
5.42;4458.0;25.14
6.13;4458.0;25.14
6.99;4458.0;25.14
7.71;4461.0;25.13
8.43;4449.0;25.17
9.15;4452.0;25.16
10.0;4452.0;25.16
10.73;4458.0;25.14
11.46;4461.0;25.13
12.18;4458.0;25.14
13.01;4458.0;25.14
13.73;4461.0;25.13
14.45;4458.0;25.14
15.18;4461.0;25.13
16.03;4461.0;25.13
16.75;4452.0;25.16
17.47;4458.0;25.14
18.19;4452.0;25.16
19.04;4458.0;25.14
19.76;4470.0;25.1
20.48;4458.0;25.14
21.2;4458.0;25.14
22.05;4458.0;25.14
22.77;4452.0;25.16
23.49;4461.0;25.13
24.21;4458.0;25.14
25.06;4452.0;25.16
25.78;4452.0;25.16
26.5;4458.0;25.14
27.22;4458.0;25.14
28.07;4458.0;25.14
28.79;4452.0;25.16
29.51;4461.0;25.13
30.23;4458.0;25.14
31.09;4458.0;25.14
31.8;4449.0;25.17
32.52;4458.0;25.14
33.24;4452.0;25.16
34.1;4452.0;25.16
34.82;4449.0;25.17
35.54;4452.0;25.16
36.26;4461.0;25.13
37.11;4452.0;25.16
37.83;4461.0;25.13
38.55;4452.0;25.16
39.27;4449.0;25.17
40.12;4452.0;25.16
40.84;4458.0;25.14
41.56;4458.0;25.14
42.28;4458.0;25.14
43.13;4452.0;25.16
43.85;4458.0;25.14
44.57;4458.0;25.14
45.29;4452.0;25.16
46.15;4452.0;25.16
46.87;4452.0;25.16
47.59;4449.0;25.17
48.31;4458.0;25.14
49.16;4452.0;25.16
49.88;4452.0;25.16
50.6;4452.0;25.16
51.32;4452.0;25.16
52.17;4449.0;25.17
52.89;4458.0;25.14
53.61;4458.0;25.14
54.33;4449.0;25.17
55.18;4452.0;25.16
55.9;4458.0;25.14
56.62;4449.0;25.17
57.34;4452.0;25.16
58.19;4449.0;25.17
58.91;4452.0;25.16
59.63;4449.0;25.17
60.35;4452.0;25.16
61.2;4452.0;25.16
61.92;4449.0;25.17
62.64;4443.0;25.19
63.36;4449.0;25.17
64.22;4443.0;25.19
64.93;4458.0;25.14
65.65;4452.0;25.16
66.37;4449.0;25.17
67.23;4449.0;25.17
67.95;4452.0;25.16
68.67;4452.0;25.16
69.38;4443.0;25.19
70.24;4449.0;25.17
70.96;4449.0;25.17
71.68;4452.0;25.16
72.4;4449.0;25.17
73.25;4443.0;25.19
73.97;4449.0;25.17
74.69;4443.0;25.19
75.41;4449.0;25.17
76.26;4452.0;25.16
76.98;4449.0;25.17
77.7;4443.0;25.19
78.42;4443.0;25.19
79.28;4443.0;25.19
80.0;4443.0;25.19
80.72;4449.0;25.17
81.44;4443.0;25.19
82.29;4443.0;25.19
83.01;4452.0;25.16
83.73;4440.0;25.2
84.45;4440.0;25.2
85.3;4443.0;25.19
86.02;4440.0;25.2
86.74;4443.0;25.19
87.46;4440.0;25.2
88.31;4440.0;25.2
89.04;4449.0;25.17
89.76;4443.0;25.19
90.48;4440.0;25.2
91.32;4443.0;25.19
92.04;4440.0;25.2
92.77;4434.0;25.22
93.5;4440.0;25.2
94.34;4443.0;25.19
95.06;4434.0;25.22
95.79;4434.0;25.22
96.51;4449.0;25.17
97.35;4440.0;25.2
98.07;4434.0;25.22
98.78;4440.0;25.2
99.5;4440.0;25.2
100.36;4434.0;25.22
101.08;4431.0;25.23
101.8;4431.0;25.23
102.52;4434.0;25.22
103.37;4434.0;25.22
104.09;4440.0;25.2
104.81;4440.0;25.2
105.53;4440.0;25.2
106.38;4440.0;25.2
107.1;4431.0;25.23
107.82;4434.0;25.22
108.54;4431.0;25.23
109.39;4431.0;25.23
110.11;4440.0;25.2
110.83;4440.0;25.2
111.55;4431.0;25.23
112.4;4434.0;25.22
113.12;4434.0;25.22
113.84;4440.0;25.2
114.56;4431.0;25.23
115.42;4434.0;25.22
116.14;4431.0;25.23
116.86;4428.0;25.24
117.57;4431.0;25.23
118.43;4428.0;25.24
119.15;4434.0;25.22
119.87;4428.0;25.24
120.59;4431.0;25.23
121.44;4428.0;25.24
122.16;4431.0;25.23
122.88;4422.0;25.26
123.6;4428.0;25.24
124.45;4428.0;25.24
125.17;4434.0;25.22
125.89;4422.0;25.26
126.61;4428.0;25.24
127.46;4431.0;25.23
128.18;4428.0;25.24
128.9;4428.0;25.24
129.62;4428.0;25.24
130.48;4422.0;25.26
131.2;4422.0;25.26
131.92;4428.0;25.24
132.64;4422.0;25.26
133.49;4428.0;25.24
134.21;4428.0;25.24
134.93;4428.0;25.24
135.65;4428.0;25.24
136.5;4422.0;25.26
137.23;4428.0;25.24
137.95;4422.0;25.26
138.68;4428.0;25.24
139.51;4419.0;25.27
140.23;4428.0;25.24
140.95;4422.0;25.26
141.67;4428.0;25.24
142.52;4419.0;25.27
143.24;4419.0;25.27
143.96;4419.0;25.27
144.68;4422.0;25.26
145.54;4422.0;25.26
146.26;4428.0;25.24
146.98;4428.0;25.24
147.69;4419.0;25.27
148.55;4413.0;25.29
149.27;4419.0;25.27
149.99;4413.0;25.29
150.71;4413.0;25.29
151.56;4419.0;25.27
152.28;4419.0;25.27
153.0;4422.0;25.26
153.72;4419.0;25.27
154.57;4422.0;25.26
155.29;4413.0;25.29
156.01;4413.0;25.29
156.73;4413.0;25.29
157.58;4413.0;25.29
158.3;4410.0;25.3
159.02;4413.0;25.29
159.74;4413.0;25.29
160.59;4413.0;25.29
161.31;4407.0;25.31
162.03;4413.0;25.29
162.75;4413.0;25.29
163.61;4413.0;25.29
164.33;4413.0;25.29
165.05;4410.0;25.3
165.77;4410.0;25.3
166.62;4413.0;25.29
167.34;4401.0;25.33
168.05;4410.0;25.3
168.77;4413.0;25.29
169.63;4407.0;25.31
170.35;4407.0;25.31
171.07;4407.0;25.31
171.79;4410.0;25.3
172.64;4407.0;25.31
173.36;4407.0;25.31
174.08;4410.0;25.3
174.8;4407.0;25.31
175.65;4401.0;25.33
176.37;4401.0;25.33
177.09;4401.0;25.33
177.81;4407.0;25.31
178.66;4398.0;25.34
179.38;4410.0;25.3
180.1;4401.0;25.33
180.82;4401.0;25.33
181.68;4407.0;25.31
182.4;4401.0;25.33
183.11;4401.0;25.33
183.83;4407.0;25.31
184.69;4392.0;25.36
185.41;4401.0;25.33
186.13;4401.0;25.33
186.85;4392.0;25.36
187.7;4398.0;25.34
188.42;4398.0;25.34
189.14;4389.0;25.37
189.86;4401.0;25.33
190.71;4398.0;25.34
191.43;4398.0;25.34
192.15;4389.0;25.37
192.87;4398.0;25.34
193.72;4392.0;25.36
194.44;4389.0;25.37
195.16;4389.0;25.37
195.88;4389.0;25.37
196.74;4392.0;25.36
197.46;4398.0;25.34
198.18;4386.0;25.38
198.9;4389.0;25.37
199.75;4380.0;25.4
200.47;4386.0;25.38
201.19;4389.0;25.37
201.91;4389.0;25.37
202.76;4389.0;25.37
203.48;4389.0;25.37
204.2;4392.0;25.36
204.92;4389.0;25.37
205.77;4380.0;25.4
206.49;4380.0;25.4
207.21;4380.0;25.4
207.92;4389.0;25.37
208.78;4386.0;25.38
209.5;4389.0;25.37
210.22;4389.0;25.37
210.94;4380.0;25.4
211.79;4380.0;25.4
212.51;4386.0;25.38
213.23;4380.0;25.4
213.95;4380.0;25.4
214.81;4377.0;25.41
215.52;4377.0;25.41
216.24;4377.0;25.41
216.96;4380.0;25.4
217.82;4380.0;25.4
218.54;4374.0;25.42
219.26;4380.0;25.4
219.97;4374.0;25.42
220.83;4377.0;25.41
221.55;4380.0;25.4
222.27;4368.0;25.44
222.99;4374.0;25.42
223.84;4374.0;25.42
224.56;4374.0;25.42
225.28;4368.0;25.44
226.0;4368.0;25.44
226.85;4374.0;25.42
227.57;4377.0;25.41
228.29;4374.0;25.42
229.01;4365.0;25.45
229.86;4365.0;25.45
230.58;4368.0;25.44
231.3;4368.0;25.44
232.02;4368.0;25.44
232.88;4365.0;25.45
233.6;4368.0;25.44
234.32;4365.0;25.45
235.03;4365.0;25.45
235.89;4368.0;25.44
236.61;4368.0;25.44
237.33;4356.0;25.48
238.04;4359.0;25.47
238.9;4359.0;25.47
239.62;4359.0;25.47
240.34;4359.0;25.47
241.06;4365.0;25.45
241.91;4359.0;25.47
242.63;4359.0;25.47
243.35;4359.0;25.47
244.07;4359.0;25.47
244.92;4365.0;25.45
245.64;4353.0;25.49
246.36;4356.0;25.48
247.08;4365.0;25.45
247.94;4359.0;25.47
248.65;4356.0;25.48
249.37;4356.0;25.48
250.09;4359.0;25.47
250.95;4359.0;25.47
251.67;4347.0;25.51
252.38;4353.0;25.49
253.1;4356.0;25.48
253.96;4353.0;25.49
254.68;4347.0;25.51
255.4;4353.0;25.49
256.12;4347.0;25.51
256.97;4353.0;25.49
257.69;4347.0;25.51
258.41;4353.0;25.49
259.13;4344.0;25.52
259.98;4347.0;25.51
260.7;4338.0;25.54
261.42;4344.0;25.52
262.14;4344.0;25.52
262.99;4338.0;25.54
263.71;4344.0;25.52
264.43;4347.0;25.51
265.15;4347.0;25.51
266.01;4347.0;25.51
266.72;4338.0;25.54
267.44;4344.0;25.52
268.16;4344.0;25.52
269.02;4338.0;25.54
269.74;4338.0;25.54
270.46;4338.0;25.54
271.18;4335.0;25.55
272.03;4335.0;25.55
272.75;4338.0;25.54
273.47;4329.0;25.57
274.18;4329.0;25.57
275.04;4329.0;25.57
275.76;4335.0;25.55
276.48;4329.0;25.57
277.2;4329.0;25.57
278.05;4335.0;25.55
278.77;4329.0;25.57
279.49;4326.0;25.58
280.21;4329.0;25.57
281.06;4326.0;25.58
281.78;4326.0;25.58
282.5;4320.0;25.6
283.22;4326.0;25.58
284.08;4320.0;25.6
284.79;4326.0;25.58
285.51;4329.0;25.57
286.23;4320.0;25.6
287.09;4320.0;25.6
287.81;4326.0;25.58
288.53;4320.0;25.6
289.24;4314.0;25.62
290.1;4320.0;25.6
290.82;4314.0;25.62
291.54;4317.0;25.61
292.25;4320.0;25.6
293.11;4317.0;25.61
293.83;4314.0;25.62
294.55;4314.0;25.62
295.27;4317.0;25.61
296.12;4314.0;25.62
296.84;4314.0;25.62
297.56;4314.0;25.62
298.28;4308.0;25.64
299.13;4314.0;25.62
299.85;4314.0;25.62
300.57;4305.0;25.65
301.29;4314.0;25.62
302.15;4305.0;25.65
302.87;4308.0;25.64
303.59;4314.0;25.62
304.31;4305.0;25.65
305.16;4308.0;25.64
305.88;4302.0;25.66
306.6;4296.0;25.68
307.32;4302.0;25.66
308.17;4302.0;25.66
308.89;4296.0;25.68
309.61;4302.0;25.66
310.33;4296.0;25.68
311.18;4293.0;25.69
311.9;4305.0;25.65
312.62;4287.0;25.71
313.34;4296.0;25.68
314.19;4296.0;25.68
314.91;4287.0;25.71
315.63;4287.0;25.71
316.35;4296.0;25.68
317.2;4296.0;25.68
317.92;4293.0;25.69
318.64;4296.0;25.68
319.36;4293.0;25.69
320.22;4284.0;25.72
320.93;4287.0;25.71
321.65;4281.0;25.73
322.37;4287.0;25.71
323.23;4281.0;25.73
323.95;4284.0;25.72
324.66;4284.0;25.72
325.38;4287.0;25.71
326.24;4284.0;25.72
326.96;4281.0;25.73
327.68;4281.0;25.73
328.4;4284.0;25.72
329.25;4275.0;25.75
329.97;4281.0;25.73
330.69;4275.0;25.75
331.41;4275.0;25.75
332.26;4266.0;25.78
332.98;4275.0;25.75
333.7;4281.0;25.73
334.42;4272.0;25.76
335.27;4266.0;25.78
335.99;4275.0;25.75
336.71;4266.0;25.78
337.43;4263.0;25.79
338.29;4263.0;25.79
339.0;4266.0;25.78
339.72;4263.0;25.79
340.44;4263.0;25.79
341.3;4263.0;25.79
342.02;4266.0;25.78
342.74;4263.0;25.79
343.46;4263.0;25.79
344.31;4254.0;25.82
345.03;4257.0;25.81
345.75;4254.0;25.82
346.46;4251.0;25.83
347.32;4257.0;25.81
348.04;4257.0;25.81
348.76;4251.0;25.83
349.48;4254.0;25.82
350.33;4245.0;25.85
351.05;4254.0;25.82
351.77;4245.0;25.85
352.49;4254.0;25.82
353.34;4245.0;25.85
354.07;4251.0;25.83
354.79;4242.0;25.86
355.51;4245.0;25.85
356.36;4245.0;25.85
357.07;4245.0;25.85
357.79;4245.0;25.85
358.51;4242.0;25.86
359.37;4242.0;25.86
360.09;4245.0;25.85
360.81;4230.0;25.9
361.52;4245.0;25.85
362.38;4242.0;25.86
363.11;4233.0;25.89
363.83;4236.0;25.88
364.55;4233.0;25.89
365.39;4233.0;25.89
366.11;4224.0;25.92
366.83;4230.0;25.9
367.55;4233.0;25.89
368.4;4230.0;25.9
369.12;4236.0;25.88
369.84;4224.0;25.92
370.56;4230.0;25.9
371.41;4224.0;25.92
372.14;4224.0;25.92
372.86;4221.0;25.93
373.59;4221.0;25.93
374.42;4221.0;25.93
375.14;4221.0;25.93
375.86;4215.0;25.95
376.58;4221.0;25.93
377.44;4215.0;25.95
378.15;4215.0;25.95
378.87;4212.0;25.96
379.59;4212.0;25.96
380.45;4212.0;25.96
381.17;4212.0;25.96
381.88;4212.0;25.96
382.6;4209.0;25.97
383.46;4209.0;25.97
384.18;4209.0;25.97
384.9;4209.0;25.97
385.62;4209.0;25.97
386.47;4203.0;25.99
387.19;4203.0;25.99
387.91;4203.0;25.99
388.62;4203.0;25.99
389.48;4200.0;26.0
390.2;4203.0;25.99
390.92;4203.0;25.99
391.64;4191.0;26.03
392.49;4200.0;26.0
393.21;4200.0;26.0
393.93;4191.0;26.03
394.65;4197.0;26.01
395.5;4197.0;26.01
396.22;4191.0;26.03
396.94;4188.0;26.04
397.66;4188.0;26.04
398.51;4188.0;26.04
399.23;4188.0;26.04
399.95;4191.0;26.03
400.67;4179.0;26.07
401.53;4182.0;26.06
402.25;4191.0;26.03
402.97;4182.0;26.06
403.69;4188.0;26.04
404.54;4179.0;26.07
405.26;4179.0;26.07
405.98;4179.0;26.07
406.7;4179.0;26.07
407.55;4182.0;26.06
408.27;4179.0;26.07
408.99;4170.0;26.1
409.71;4179.0;26.07
410.56;4173.0;26.09
411.28;4170.0;26.1
412.0;4170.0;26.1
412.72;4170.0;26.1
413.57;4173.0;26.09
414.29;4170.0;26.1
415.01;4167.0;26.11
415.73;4161.0;26.13
416.58;4161.0;26.13
417.3;4167.0;26.11
418.02;4152.0;26.16
418.74;4161.0;26.13
419.6;4167.0;26.11
420.31;4167.0;26.11
421.03;4152.0;26.16
421.75;4167.0;26.11
422.61;4152.0;26.16
423.33;4152.0;26.16
424.05;4158.0;26.14
424.76;4158.0;26.14
425.62;4152.0;26.16
426.34;4143.0;26.19
427.06;4143.0;26.19
427.77;4143.0;26.19
428.63;4143.0;26.19
429.35;4140.0;26.2
430.07;4140.0;26.2
430.79;4140.0;26.2
431.64;4143.0;26.19
432.36;4143.0;26.19
433.08;4140.0;26.2
433.8;4143.0;26.19
434.65;4128.0;26.24
435.37;4143.0;26.19
436.09;4131.0;26.23
436.81;4140.0;26.2
437.66;4131.0;26.23
438.38;4143.0;26.19
439.1;4131.0;26.23
439.82;4131.0;26.23
440.67;4131.0;26.23
441.39;4128.0;26.24
442.11;4128.0;26.24
442.83;4119.0;26.27
443.69;4122.0;26.26
444.4;4128.0;26.24
445.12;4128.0;26.24
445.84;4128.0;26.24
446.7;4119.0;26.27
447.42;4119.0;26.27
448.14;4119.0;26.27
448.87;4116.0;26.28
449.71;4116.0;26.28
450.43;4116.0;26.28
451.15;4122.0;26.26
451.86;4110.0;26.3
452.72;4110.0;26.3
453.44;4110.0;26.3
454.16;4110.0;26.3
454.87;4110.0;26.3
455.73;4116.0;26.28
456.45;4107.0;26.31
457.17;4107.0;26.31
457.89;4101.0;26.33
458.74;4101.0;26.33
459.46;4101.0;26.33
460.18;4095.0;26.35
460.9;4098.0;26.34
461.75;4101.0;26.33
462.47;4098.0;26.34
463.2;4098.0;26.34
463.92;4098.0;26.34
464.77;4089.0;26.37
465.49;4098.0;26.34
466.21;4089.0;26.37
466.93;4089.0;26.37
467.78;4089.0;26.37
468.49;4095.0;26.35
469.21;4086.0;26.38
469.93;4089.0;26.37
470.79;4086.0;26.38
471.51;4086.0;26.38
472.22;4086.0;26.38
472.94;4080.0;26.4
473.8;4086.0;26.38
474.51;4080.0;26.4
475.23;4080.0;26.4
475.96;4080.0;26.4
476.81;4074.0;26.42
477.54;4074.0;26.42
478.26;4080.0;26.4
478.98;4074.0;26.42
479.82;4074.0;26.42
480.54;4068.0;26.44
481.26;4068.0;26.44
481.97;4074.0;26.42
482.83;4074.0;26.42
483.55;4068.0;26.44
484.27;4065.0;26.45
484.99;4065.0;26.45
485.84;4065.0;26.45
486.56;4056.0;26.48
487.28;4056.0;26.48
488.01;4059.0;26.47
488.85;4059.0;26.47
489.58;4056.0;26.48
490.3;4050.0;26.5
491.02;4050.0;26.5
491.86;4059.0;26.47
492.59;4050.0;26.5
493.31;4050.0;26.5
494.03;4047.0;26.51
494.88;4044.0;26.52
495.6;4047.0;26.51
496.31;4047.0;26.51
497.03;4044.0;26.52
497.89;4035.0;26.55
498.61;4047.0;26.51
499.32;4044.0;26.52
500.04;4047.0;26.51
500.9;4044.0;26.52
501.62;4038.0;26.54
502.34;4032.0;26.56
503.06;4038.0;26.54
503.91;4032.0;26.56
504.63;4035.0;26.55
505.35;4032.0;26.56
506.07;4023.0;26.59
506.92;4026.0;26.58
507.64;4023.0;26.59
508.36;4026.0;26.58
509.08;4026.0;26.58
509.93;4014.0;26.62
510.65;4023.0;26.59
511.37;4017.0;26.61
512.09;4017.0;26.61
512.94;4017.0;26.61
513.66;4017.0;26.61
514.38;4014.0;26.62
515.1;4014.0;26.62
515.95;4014.0;26.62
516.67;4011.0;26.63
517.39;4014.0;26.62
518.11;4011.0;26.63
518.96;4005.0;26.65
519.68;4005.0;26.65
520.4;4005.0;26.65
521.12;3996.0;26.68
521.98;4005.0;26.65
522.7;4005.0;26.65
523.42;4002.0;26.66
524.15;4002.0;26.66
524.99;3993.0;26.69
525.71;4011.0;26.63
526.44;3996.0;26.68
527.16;3996.0;26.68
528.0;3984.0;26.72
528.72;3990.0;26.7
529.44;3990.0;26.7
530.16;3990.0;26.7
531.01;3990.0;26.7
531.73;3990.0;26.7
532.46;3984.0;26.72
533.18;3984.0;26.72
534.02;3984.0;26.72
534.75;3984.0;26.72
535.47;3975.0;26.75
536.19;3981.0;26.73
537.03;3984.0;26.72
537.75;3966.0;26.78
538.47;3975.0;26.75
539.19;3966.0;26.78
540.04;3975.0;26.75
540.76;3966.0;26.78
541.48;3966.0;26.78
542.2;3966.0;26.78
543.05;3966.0;26.78
543.77;3966.0;26.78
544.49;3963.0;26.79
545.21;3957.0;26.81
546.06;3963.0;26.79
546.78;3954.0;26.82
547.5;3957.0;26.81
548.22;3957.0;26.81
549.07;3954.0;26.82
549.79;3954.0;26.82
550.51;3951.0;26.83
551.23;3945.0;26.85
552.08;3945.0;26.85
552.8;3951.0;26.83
553.52;3945.0;26.85
554.24;3942.0;26.86
555.09;3945.0;26.85
555.82;3939.0;26.87
556.54;3942.0;26.86
557.26;3939.0;26.87
558.11;3939.0;26.87
558.83;3939.0;26.87
559.55;3939.0;26.87
560.26;3939.0;26.87
561.12;3930.0;26.9
561.84;3939.0;26.87
562.56;3924.0;26.92
563.28;3933.0;26.89
564.13;3930.0;26.9
564.85;3924.0;26.92
565.57;3924.0;26.92
566.28;3924.0;26.92
567.14;3921.0;26.93
567.86;3921.0;26.93
568.58;3921.0;26.93
569.29;3921.0;26.93
570.15;3921.0;26.93
570.87;3918.0;26.94
571.59;3918.0;26.94
572.31;3909.0;26.97
573.16;3912.0;26.96
573.88;3909.0;26.97
574.6;3909.0;26.97
575.31;3912.0;26.96
576.17;3909.0;26.97
576.9;3912.0;26.96
577.62;3900.0;27.0
578.34;3900.0;27.0
579.18;3903.0;26.99
579.9;3903.0;26.99
580.62;3894.0;27.02
581.33;3900.0;27.0
582.19;3891.0;27.03
582.91;3891.0;27.03
583.63;3891.0;27.03
584.34;3888.0;27.04
585.2;3891.0;27.03
585.92;3891.0;27.03
586.64;3888.0;27.04
587.36;3891.0;27.03
588.21;3882.0;27.06
588.93;3882.0;27.06
589.65;3873.0;27.09
590.37;3882.0;27.06
591.22;3882.0;27.06
591.94;3873.0;27.09
592.66;3879.0;27.07
593.38;3873.0;27.09
594.23;3873.0;27.09
594.95;3870.0;27.1
595.67;3870.0;27.1
596.39;3870.0;27.1
597.24;3867.0;27.11
597.96;3867.0;27.11
598.68;3861.0;27.13
599.4;3858.0;27.14
600.26;3861.0;27.13
600.97;3858.0;27.14
601.69;3858.0;27.14
602.41;3858.0;27.14
603.26;3858.0;27.14
603.98;3855.0;27.15
604.7;3855.0;27.15
605.42;3855.0;27.15
606.28;3846.0;27.18
606.99;3846.0;27.18
607.71;3840.0;27.2
608.43;3840.0;27.2
609.29;3840.0;27.2
610.0;3837.0;27.21
610.72;3846.0;27.18
611.45;3840.0;27.2
612.3;3837.0;27.21
613.02;3840.0;27.2
613.74;3834.0;27.22
614.45;3837.0;27.21
615.31;3834.0;27.22
616.03;3837.0;27.21
616.74;3834.0;27.22
617.46;3834.0;27.22
618.32;3828.0;27.24
619.04;3828.0;27.24
619.76;3828.0;27.24
620.48;3828.0;27.24
621.33;3816.0;27.28
622.05;3813.0;27.29
622.77;3816.0;27.28
623.49;3819.0;27.27
624.34;3819.0;27.27
625.06;3813.0;27.29
625.78;3816.0;27.28
626.5;3807.0;27.31
627.35;3804.0;27.32
628.07;3804.0;27.32
628.79;3804.0;27.32
629.51;3804.0;27.32
630.36;3804.0;27.32
631.08;3795.0;27.35
631.79;3789.0;27.37
632.51;3798.0;27.34
633.37;3795.0;27.35
634.09;3798.0;27.34
634.81;3795.0;27.35
635.53;3789.0;27.37
636.38;3786.0;27.38
637.1;3789.0;27.37
637.82;3786.0;27.38
638.54;3780.0;27.4
639.39;3780.0;27.4
640.11;3780.0;27.4
640.83;3780.0;27.4
641.55;3780.0;27.4
642.4;3780.0;27.4
643.12;3780.0;27.4
643.84;3774.0;27.42
644.56;3777.0;27.41
645.41;3765.0;27.45
646.13;3765.0;27.45
646.85;3765.0;27.45
647.56;3765.0;27.45
648.42;3768.0;27.44
649.14;3765.0;27.45
649.86;3756.0;27.48
650.58;3762.0;27.46
651.43;3762.0;27.46
652.15;3762.0;27.46
652.87;3765.0;27.45
653.59;3753.0;27.49
654.44;3753.0;27.49
655.16;3753.0;27.49
655.88;3753.0;27.49
656.6;3747.0;27.51
657.45;3744.0;27.52
658.17;3738.0;27.54
658.89;3747.0;27.51
659.61;3744.0;27.52
660.46;3738.0;27.54
661.18;3735.0;27.55
661.9;3735.0;27.55
662.62;3735.0;27.55
663.47;3732.0;27.56
664.19;3735.0;27.55
664.91;3732.0;27.56
665.63;3723.0;27.59
666.48;3726.0;27.58
667.2;3717.0;27.61
667.92;3723.0;27.59
668.64;3717.0;27.61
669.49;3717.0;27.61
670.21;3717.0;27.61
670.93;3717.0;27.61
671.65;3714.0;27.62
672.5;3714.0;27.62
673.22;3711.0;27.63
673.94;3705.0;27.65
674.66;3711.0;27.63
675.51;3711.0;27.63
676.23;3705.0;27.65
676.95;3702.0;27.66
677.67;3702.0;27.66
678.52;3702.0;27.66
679.24;3702.0;27.66
679.96;3702.0;27.66
680.68;3696.0;27.68
681.53;3693.0;27.69
682.25;3696.0;27.68
682.97;3693.0;27.69
683.69;3690.0;27.7
684.54;3693.0;27.69
685.26;3693.0;27.69
685.98;3684.0;27.72
686.7;3684.0;27.72
687.55;3681.0;27.73
688.27;3672.0;27.76
688.99;3684.0;27.72
689.71;3681.0;27.73
690.56;3675.0;27.75
691.28;3675.0;27.75
692.0;3672.0;27.76
692.72;3675.0;27.75
693.57;3672.0;27.76
694.3;3669.0;27.77
695.02;3672.0;27.76
695.74;3663.0;27.79
696.58;3660.0;27.8
697.3;3660.0;27.8
698.02;3660.0;27.8
698.74;3660.0;27.8
699.59;3657.0;27.81
700.31;3660.0;27.8
701.03;3651.0;27.83
701.75;3651.0;27.83
702.6;3657.0;27.81
703.32;3648.0;27.84
704.04;3642.0;27.86
704.76;3648.0;27.84
705.61;3642.0;27.86
706.33;3642.0;27.86
707.05;3642.0;27.86
707.77;3633.0;27.89
708.62;3639.0;27.87
709.34;3633.0;27.89
710.06;3639.0;27.87
710.78;3630.0;27.9
711.63;3630.0;27.9
712.35;3627.0;27.91
713.07;3630.0;27.9
713.79;3627.0;27.91
714.64;3627.0;27.91
715.36;3630.0;27.9
716.08;3621.0;27.93
716.8;3621.0;27.93
717.65;3618.0;27.94
718.37;3612.0;27.96
719.09;3609.0;27.97
719.81;3618.0;27.94
720.66;3609.0;27.97
721.38;3603.0;27.99
722.1;3603.0;27.99
722.82;3609.0;27.97
723.67;3600.0;28.0
724.39;3603.0;27.99
725.11;3603.0;27.99
725.83;3600.0;28.0
726.68;3597.0;28.01
727.4;3597.0;28.01
728.12;3588.0;28.04
728.84;3591.0;28.03
729.69;3588.0;28.04
730.41;3588.0;28.04
731.13;3582.0;28.06
731.85;3582.0;28.06
732.7;3588.0;28.04
733.42;3588.0;28.04
734.14;3579.0;28.07
734.86;3576.0;28.08
735.71;3576.0;28.08
736.43;3570.0;28.1
737.15;3576.0;28.08
737.87;3570.0;28.1
738.72;3576.0;28.08
739.44;3561.0;28.13
740.16;3567.0;28.11
740.88;3567.0;28.11
741.73;3558.0;28.14
742.45;3555.0;28.15
743.17;3561.0;28.13
743.89;3561.0;28.13
744.74;3558.0;28.14
745.46;3549.0;28.17
746.18;3549.0;28.17
746.9;3555.0;28.15
747.75;3546.0;28.18
748.47;3549.0;28.17
749.19;3546.0;28.18
749.91;3546.0;28.18
750.76;3537.0;28.21
751.48;3537.0;28.21
752.2;3540.0;28.2
752.92;3537.0;28.21
753.77;3540.0;28.2
754.49;3528.0;28.24
755.21;3531.0;28.23
755.92;3531.0;28.23
756.78;3525.0;28.25
757.5;3531.0;28.23
758.22;3525.0;28.25
758.93;3519.0;28.27
759.79;3519.0;28.27
760.51;3516.0;28.28
761.24;3516.0;28.28
761.96;3519.0;28.27
762.8;3510.0;28.3
763.52;3510.0;28.3
764.24;3516.0;28.28
764.95;3504.0;28.32
765.81;3510.0;28.3
766.53;3504.0;28.32
767.24;3504.0;28.32
767.96;3498.0;28.34
768.82;3504.0;28.32
769.54;3498.0;28.34
770.26;3495.0;28.35
770.97;3495.0;28.35
771.83;3492.0;28.36
772.55;3492.0;28.36
773.26;3492.0;28.36
773.98;3495.0;28.35
774.84;3492.0;28.36
775.56;3486.0;28.38
776.28;3486.0;28.38
777.0;3477.0;28.41
777.85;3477.0;28.41
778.57;3477.0;28.41
779.29;3474.0;28.42
780.0;3477.0;28.41
780.86;3465.0;28.45
781.58;3477.0;28.41
782.3;3471.0;28.43
783.02;3456.0;28.48
783.87;3471.0;28.43
784.59;3462.0;28.46
785.31;3456.0;28.48
786.03;3453.0;28.49
786.87;3456.0;28.48
787.59;3450.0;28.5
788.31;3456.0;28.48
789.03;3453.0;28.49
789.88;3453.0;28.49
790.61;3444.0;28.52
791.33;3444.0;28.52
792.06;3444.0;28.52
792.89;3450.0;28.5
793.61;3435.0;28.55
794.33;3441.0;28.53
795.05;3423.0;28.59
795.9;3441.0;28.53
796.62;3441.0;28.53
797.34;3432.0;28.56
798.06;3435.0;28.55
798.91;3432.0;28.56
799.63;3423.0;28.59
800.35;3423.0;28.59
801.07;3420.0;28.6
801.92;3423.0;28.59
802.64;3420.0;28.6
803.36;3420.0;28.6
804.08;3420.0;28.6
804.93;3411.0;28.63
805.65;3414.0;28.62
806.37;3405.0;28.65
807.08;3411.0;28.63
807.94;3411.0;28.63
808.66;3405.0;28.65
809.38;3402.0;28.66
810.1;3399.0;28.67
810.95;3399.0;28.67
811.67;3405.0;28.65
812.39;3393.0;28.69
813.11;3393.0;28.69
813.96;3399.0;28.67
814.68;3393.0;28.69
815.4;3390.0;28.7
816.11;3390.0;28.7
816.97;3381.0;28.73
817.69;3384.0;28.72
818.4;3381.0;28.73
819.12;3381.0;28.73
819.98;3381.0;28.73
820.69;3375.0;28.75
821.41;3372.0;28.76
822.13;3372.0;28.76
822.98;3372.0;28.76
823.7;3375.0;28.75
824.43;3369.0;28.77
825.15;3363.0;28.79
825.99;3372.0;28.76
826.71;3360.0;28.8
827.43;3354.0;28.82
828.15;3360.0;28.8
829.0;3360.0;28.8
829.73;3360.0;28.8
830.45;3351.0;28.83
831.17;3351.0;28.83
832.01;3348.0;28.84
832.73;3348.0;28.84
833.46;3342.0;28.86
834.18;3342.0;28.86
835.02;3342.0;28.86
835.74;3342.0;28.86
836.46;3339.0;28.87
837.18;3339.0;28.87
838.03;3333.0;28.89
838.75;3339.0;28.87
839.47;3330.0;28.9
840.19;3327.0;28.91
841.04;3327.0;28.91
841.76;3330.0;28.9
842.48;3327.0;28.91
843.2;3321.0;28.93
844.05;3318.0;28.94
844.77;3318.0;28.94
845.48;3315.0;28.95
846.2;3309.0;28.97
847.06;3309.0;28.97
847.77;3315.0;28.95
848.49;3306.0;28.98
849.21;3306.0;28.98
850.06;3306.0;28.98
850.78;3309.0;28.97
851.5;3297.0;29.01
852.22;3306.0;28.98
853.07;3297.0;29.01
853.8;3294.0;29.02
854.52;3297.0;29.01
855.24;3294.0;29.02
856.08;3288.0;29.04
856.8;3294.0;29.02
857.52;3288.0;29.04
858.24;3294.0;29.02
859.09;3285.0;29.05
859.81;3285.0;29.05
860.53;3279.0;29.07
861.24;3276.0;29.08
862.1;3276.0;29.08
862.82;3276.0;29.08
863.54;3270.0;29.1
864.25;3270.0;29.1
865.11;3267.0;29.11
865.83;3264.0;29.12
866.55;3264.0;29.12
867.27;3267.0;29.11
868.12;3258.0;29.14
868.84;3255.0;29.15
869.56;3264.0;29.12
870.28;3258.0;29.14
871.13;3255.0;29.15
871.84;3246.0;29.18
872.56;3246.0;29.18
873.28;3255.0;29.15
874.13;3243.0;29.19
874.85;3246.0;29.18
875.57;3243.0;29.19
876.29;3243.0;29.19
877.14;3237.0;29.21
877.86;3237.0;29.21
878.58;3234.0;29.22
879.3;3237.0;29.21
880.15;3228.0;29.24
880.87;3228.0;29.24
881.59;3225.0;29.25
882.31;3225.0;29.25
883.16;3222.0;29.26
883.88;3225.0;29.25
884.6;3216.0;29.28
885.32;3216.0;29.28
886.17;3213.0;29.29
886.89;3216.0;29.28
887.61;3213.0;29.29
888.33;3207.0;29.31
889.18;3207.0;29.31
889.9;3204.0;29.32
890.62;3207.0;29.31
891.33;3198.0;29.34
892.18;3198.0;29.34
892.9;3195.0;29.35
893.62;3195.0;29.35
894.34;3198.0;29.34
895.19;3186.0;29.38
895.91;3186.0;29.38
896.63;3192.0;29.36
897.35;3183.0;29.39
898.2;3186.0;29.38
898.92;3192.0;29.36
899.64;3186.0;29.38
900.36;3174.0;29.42
901.21;3183.0;29.39
901.93;3174.0;29.42
902.65;3177.0;29.41
903.37;3171.0;29.43
904.22;3174.0;29.42
904.94;3165.0;29.45
905.66;3162.0;29.46
906.38;3162.0;29.46
907.23;3162.0;29.46
907.95;3162.0;29.46
908.66;3156.0;29.48
909.38;3156.0;29.48
910.23;3153.0;29.49
910.95;3153.0;29.49
911.67;3150.0;29.5
912.39;3150.0;29.5
913.24;3144.0;29.52
913.96;3150.0;29.5
914.68;3144.0;29.52
915.4;3141.0;29.53
916.25;3138.0;29.54
916.97;3138.0;29.54
917.69;3141.0;29.53
918.41;3132.0;29.56
919.26;3132.0;29.56
919.98;3129.0;29.57
920.7;3123.0;29.59
921.42;3123.0;29.59
922.27;3120.0;29.6
922.99;3120.0;29.6
923.7;3120.0;29.6
924.42;3120.0;29.6
925.28;3111.0;29.63
925.99;3114.0;29.62
926.71;3114.0;29.62
927.43;3111.0;29.63
928.28;3114.0;29.62
929.0;3102.0;29.66
929.72;3108.0;29.64
930.44;3102.0;29.66
931.29;3102.0;29.66
932.01;3099.0;29.67
932.73;3099.0;29.67
933.45;3099.0;29.67
934.3;3093.0;29.69
935.02;3087.0;29.71
935.75;3090.0;29.7
936.47;3090.0;29.7
937.31;3081.0;29.73
938.03;3087.0;29.71
938.75;3087.0;29.71
939.47;3081.0;29.73
940.32;3072.0;29.76
941.03;3072.0;29.76
941.76;3072.0;29.76
942.48;3072.0;29.76
943.32;3069.0;29.77
944.04;3060.0;29.8
944.76;3072.0;29.76
945.48;3066.0;29.78
946.33;3069.0;29.77
947.05;3057.0;29.81
947.77;3060.0;29.8
948.49;3060.0;29.8
949.34;3051.0;29.83
950.06;3051.0;29.83
950.78;3051.0;29.83
951.5;3051.0;29.83
952.35;3048.0;29.84
953.07;3042.0;29.86
953.79;3042.0;29.86
954.51;3042.0;29.86
955.36;3039.0;29.87
956.08;3036.0;29.88
956.8;3036.0;29.88
957.52;3036.0;29.88
958.36;3039.0;29.87
959.08;3036.0;29.88
959.8;3030.0;29.9
960.52;3021.0;29.93
961.37;3027.0;29.91
962.09;3018.0;29.94
962.81;3018.0;29.94
963.53;3021.0;29.93
964.38;3018.0;29.94
965.1;3009.0;29.97
965.82;3015.0;29.95
966.54;3015.0;29.95
967.39;3006.0;29.98
968.11;3015.0;29.95
968.83;3009.0;29.97
969.54;2997.0;30.01
970.4;3006.0;29.98
971.12;3006.0;29.98
971.83;3000.0;30.0
972.55;2991.0;30.03
973.4;2997.0;30.01
974.12;2991.0;30.03
974.84;2988.0;30.04
975.56;2985.0;30.05
976.41;2985.0;30.05
977.13;2991.0;30.03
977.85;2988.0;30.04
978.57;2979.0;30.07
979.42;2979.0;30.07
980.14;2979.0;30.07
980.86;2979.0;30.07
981.58;2976.0;30.08
982.43;2973.0;30.09
983.15;2976.0;30.08
983.86;2967.0;30.11
984.58;2967.0;30.11
985.43;2964.0;30.12
986.15;2958.0;30.14
986.87;2964.0;30.12
987.59;2955.0;30.15
988.44;2955.0;30.15
989.16;2958.0;30.14
989.88;2946.0;30.18
990.6;2946.0;30.18
991.45;2946.0;30.18
992.17;2943.0;30.19
992.89;2946.0;30.18
993.61;2943.0;30.19
994.46;2937.0;30.21
995.18;2931.0;30.23
995.89;2934.0;30.22
996.61;2934.0;30.22
997.46;2937.0;30.21
998.18;2934.0;30.22
998.9;2931.0;30.23
999.62;2925.0;30.25
1000.47;2925.0;30.25
1001.19;2922.0;30.26
1001.91;2922.0;30.26
1002.63;2913.0;30.29
1003.48;2916.0;30.28
1004.2;2910.0;30.3
1004.91;2916.0;30.28
1005.63;2916.0;30.28
1006.49;2910.0;30.3
1007.2;2910.0;30.3
1007.92;2901.0;30.33
1008.64;2895.0;30.35
1009.49;2904.0;30.32
1010.21;2901.0;30.33
1010.93;2901.0;30.33
1011.65;2895.0;30.35
1012.5;2895.0;30.35
1013.22;2883.0;30.39
1013.94;2883.0;30.39
1014.66;2892.0;30.36
1015.51;2886.0;30.38
1016.23;2886.0;30.38
1016.95;2886.0;30.38
1017.67;2880.0;30.4
1018.52;2883.0;30.39
1019.23;2880.0;30.4
1019.95;2871.0;30.43
1020.67;2874.0;30.42
1021.52;2871.0;30.43
1022.24;2865.0;30.45
1022.96;2865.0;30.45
1023.68;2871.0;30.43
1024.53;2862.0;30.46
1025.25;2865.0;30.45
1025.97;2859.0;30.47
1026.69;2859.0;30.47
1027.54;2853.0;30.49
1028.25;2850.0;30.5
1028.97;2850.0;30.5
1029.69;2853.0;30.49
1030.54;2844.0;30.52
1031.26;2841.0;30.53
1031.98;2850.0;30.5
1032.7;2835.0;30.55
1033.55;2841.0;30.53
1034.27;2835.0;30.55
1034.99;2832.0;30.56
1035.71;2835.0;30.55
1036.56;2832.0;30.56
1037.27;2832.0;30.56
1037.99;2823.0;30.59
1038.71;2823.0;30.59
1039.56;2823.0;30.59
1040.28;2823.0;30.59
1041.0;2814.0;30.62
1041.72;2814.0;30.62
1042.57;2811.0;30.63
1043.29;2808.0;30.64
1044.01;2811.0;30.63
1044.73;2808.0;30.64
1045.58;2814.0;30.62
1046.3;2808.0;30.64
1047.02;2811.0;30.63
1047.73;2802.0;30.66
1048.58;2802.0;30.66
1049.3;2802.0;30.66
1050.02;2799.0;30.67
1050.74;2799.0;30.67
1051.59;2790.0;30.7
1052.31;2793.0;30.69
1053.03;2790.0;30.7
1053.75;2787.0;30.71
1054.6;2790.0;30.7
1055.32;2787.0;30.71
1056.04;2781.0;30.73
1056.76;2778.0;30.74
1057.61;2769.0;30.77
1058.32;2769.0;30.77
1059.05;2775.0;30.75
1059.76;2778.0;30.74
1060.61;2775.0;30.75
1061.33;2769.0;30.77
1062.05;2766.0;30.78
1062.77;2769.0;30.77
1063.62;2760.0;30.8
1064.34;2760.0;30.8
1065.06;2757.0;30.81
1065.78;2754.0;30.82
1066.63;2754.0;30.82
1067.34;2754.0;30.82
1068.06;2748.0;30.84
1068.79;2745.0;30.85
1069.63;2748.0;30.84
1070.36;2739.0;30.87
1071.08;2745.0;30.85
1071.8;2739.0;30.87
1072.64;2739.0;30.87
1073.36;2739.0;30.87
1074.08;2736.0;30.88
1074.79;2736.0;30.88
1075.64;2730.0;30.9
1076.36;2727.0;30.91
1077.08;2730.0;30.9
1077.8;2724.0;30.92
1078.65;2727.0;30.91
1079.37;2724.0;30.92
1080.09;2718.0;30.94
1080.81;2724.0;30.92
1081.66;2709.0;30.97
1082.38;2715.0;30.95
1083.09;2709.0;30.97
1083.81;2709.0;30.97
1084.66;2703.0;30.99
1085.38;2706.0;30.98
1086.1;2706.0;30.98
1086.82;2706.0;30.98
1087.67;2697.0;31.01
1088.39;2703.0;30.99
1089.11;2694.0;31.02
1089.83;2697.0;31.01
1090.68;2694.0;31.02
1091.4;2685.0;31.05
1092.12;2697.0;31.01
1092.83;2688.0;31.04
1093.68;2676.0;31.08
1094.4;2679.0;31.07
1095.12;2685.0;31.05
1095.84;2676.0;31.08
1096.69;2676.0;31.08
1097.41;2673.0;31.09
1098.13;2667.0;31.11
1098.85;2667.0;31.11
1099.7;2667.0;31.11
1100.42;2664.0;31.12
1101.13;2664.0;31.12
1101.85;2667.0;31.11
1102.7;2658.0;31.14
1103.42;2664.0;31.12
1104.14;2658.0;31.14
1104.86;2652.0;31.16
1105.71;2646.0;31.18
1106.43;2652.0;31.16
1107.15;2655.0;31.15
1107.87;2652.0;31.16
1108.72;2652.0;31.16
1109.44;2646.0;31.18
1110.16;2643.0;31.19
1110.87;2643.0;31.19
1111.72;2643.0;31.19
1112.44;2634.0;31.22
1113.16;2634.0;31.22
1113.88;2628.0;31.24
1114.73;2625.0;31.25
1115.45;2634.0;31.22
1116.17;2616.0;31.28
1116.88;2622.0;31.26
1117.73;2625.0;31.25
1118.45;2616.0;31.28
1119.17;2616.0;31.28
1119.89;2622.0;31.26
1120.74;2616.0;31.28
1121.46;2613.0;31.29
1122.18;2613.0;31.29
1122.9;2610.0;31.3
1123.75;2604.0;31.32
1124.47;2610.0;31.3
1125.19;2604.0;31.32
1125.9;2610.0;31.3
1126.75;2601.0;31.33
1127.47;2598.0;31.34
1128.19;2604.0;31.32
1128.91;2598.0;31.34
1129.76;2601.0;31.33
1130.48;2592.0;31.36
1131.2;2592.0;31.36
1131.91;2580.0;31.4
1132.77;2583.0;31.39
1133.48;2583.0;31.39
1134.2;2580.0;31.4
1134.92;2574.0;31.42
1135.77;2574.0;31.42
1136.49;2574.0;31.42
1137.21;2568.0;31.44
1137.93;2571.0;31.43
1138.78;2574.0;31.42
1139.5;2571.0;31.43
1140.23;2568.0;31.44
1140.95;2562.0;31.46
1141.78;2568.0;31.44
1142.5;2559.0;31.47
1143.22;2562.0;31.46
1143.94;2550.0;31.5
1144.79;2550.0;31.5
1145.51;2553.0;31.49
1146.23;2547.0;31.51
1146.95;2553.0;31.49
1147.8;2547.0;31.51
1148.52;2547.0;31.51
1149.23;2538.0;31.54
1149.95;2538.0;31.54
1150.8;2532.0;31.56
1151.53;2532.0;31.56
1152.24;2529.0;31.57
1152.96;2529.0;31.57
1153.81;2529.0;31.57
1154.53;2523.0;31.59
1155.24;2529.0;31.57
1155.96;2529.0;31.57
1156.81;2523.0;31.59
1157.53;2520.0;31.6
1158.25;2520.0;31.6
1158.97;2517.0;31.61
1159.82;2517.0;31.61
1160.54;2511.0;31.63
1161.26;2508.0;31.64
1161.97;2508.0;31.64
1162.82;2499.0;31.67
1163.54;2502.0;31.66
1164.26;2508.0;31.64
1164.98;2502.0;31.66
1165.83;2499.0;31.67
1166.55;2496.0;31.68
1167.27;2490.0;31.7
1167.99;2490.0;31.7
1168.84;2496.0;31.68
1169.55;2490.0;31.7
1170.27;2496.0;31.68
1170.99;2490.0;31.7
1171.84;2481.0;31.73
1172.56;2478.0;31.74
1173.28;2487.0;31.71
1174.0;2487.0;31.71
1174.85;2478.0;31.74
1175.57;2469.0;31.77
1176.29;2475.0;31.75
1177.01;2469.0;31.77
1177.85;2475.0;31.75
1178.57;2466.0;31.78
1179.29;2466.0;31.78
1180.01;2466.0;31.78
1180.86;2460.0;31.8
1181.58;2457.0;31.81
1182.3;2451.0;31.83
1183.02;2457.0;31.81
1183.87;2457.0;31.81
1184.58;2451.0;31.83
1185.3;2451.0;31.83
1186.02;2448.0;31.84
1186.87;2439.0;31.87
1187.59;2445.0;31.85
1188.31;2439.0;31.87
1189.03;2436.0;31.88
1189.88;2439.0;31.87
1190.59;2436.0;31.88
1191.31;2439.0;31.87
1192.03;2436.0;31.88
1192.88;2433.0;31.89
1193.6;2427.0;31.91
1194.32;2433.0;31.89
1195.03;2433.0;31.89
1195.89;2424.0;31.92
1196.61;2424.0;31.92
1197.33;2418.0;31.94
1198.04;2424.0;31.92
1198.89;2412.0;31.96
1199.61;2415.0;31.95
1200.33;2412.0;31.96
1201.05;2418.0;31.94
1201.9;2412.0;31.96
1202.62;2397.0;32.01
1203.33;2403.0;31.99
1204.05;2403.0;31.99
1204.9;2403.0;31.99
1205.62;2397.0;32.01
1206.34;2388.0;32.04
1207.06;2397.0;32.01
1207.91;2394.0;32.02
1208.63;2388.0;32.04
1209.35;2388.0;32.04
1210.06;2388.0;32.04
1210.91;2388.0;32.04
1211.63;2376.0;32.08
1212.35;2379.0;32.07
1213.07;2376.0;32.08
1213.92;2379.0;32.07
1214.64;2373.0;32.09
1215.36;2373.0;32.09
1216.07;2379.0;32.07
1216.92;2367.0;32.11
1217.64;2367.0;32.11
1218.36;2367.0;32.11
1219.08;2364.0;32.12
1219.93;2358.0;32.14
1220.65;2355.0;32.15
1221.37;2358.0;32.14
1222.09;2355.0;32.15
1222.93;2355.0;32.15
1223.65;2352.0;32.16
1224.38;2352.0;32.16
1225.1;2343.0;32.19
1225.94;2343.0;32.19
1226.66;2346.0;32.18
1227.38;2343.0;32.19
1228.1;2346.0;32.18
1228.94;2340.0;32.2
1229.66;2334.0;32.22
1230.38;2331.0;32.23
1231.1;2334.0;32.22
1231.95;2334.0;32.22
1232.67;2331.0;32.23
1233.39;2325.0;32.25
1234.1;2325.0;32.25
1234.96;2325.0;32.25
1235.67;2322.0;32.26
1236.39;2322.0;32.26
1237.11;2316.0;32.28
1237.96;2316.0;32.28
1238.68;2322.0;32.26
1239.41;2313.0;32.29
1240.13;2310.0;32.3
1240.96;2313.0;32.29
1241.68;2310.0;32.3
1242.4;2304.0;32.32
1243.12;2304.0;32.32
1243.97;2301.0;32.33
1244.69;2301.0;32.33
1245.41;2304.0;32.32
1246.13;2295.0;32.35
1246.98;2289.0;32.37
1247.69;2289.0;32.37
1248.41;2292.0;32.36
1249.13;2289.0;32.37
1249.98;2292.0;32.36
1250.7;2289.0;32.37
1251.42;2280.0;32.4
1252.13;2283.0;32.39
1252.98;2280.0;32.4
1253.7;2274.0;32.42
1254.42;2274.0;32.42
1255.14;2274.0;32.42
1255.99;2280.0;32.4
1256.71;2271.0;32.43
1257.43;2268.0;32.44
1258.14;2271.0;32.43
1258.99;2271.0;32.43
1259.71;2262.0;32.46
1260.43;2271.0;32.43
1261.16;2262.0;32.46
1262.0;2271.0;32.43
1262.72;2253.0;32.49
1263.44;2253.0;32.49
1264.15;2250.0;32.5
1265.0;2259.0;32.47
1265.72;2244.0;32.52
1266.44;2250.0;32.5
1267.16;2250.0;32.5
1268.01;2241.0;32.53
1268.72;2241.0;32.53
1269.44;2238.0;32.54
1270.16;2232.0;32.56
1271.01;2232.0;32.56
1271.73;2229.0;32.57
1272.45;2238.0;32.54
1273.17;2229.0;32.57
1274.02;2229.0;32.57
1274.74;2229.0;32.57
1275.45;2229.0;32.57
1276.17;2220.0;32.6
1277.02;2220.0;32.6
1277.74;2223.0;32.59
1278.46;2217.0;32.61
1279.17;2220.0;32.6
1280.03;2211.0;32.63
1280.74;2211.0;32.63
1281.46;2208.0;32.64
1282.18;2208.0;32.64
1283.03;2208.0;32.64
1283.75;2199.0;32.67
1284.47;2199.0;32.67
1285.19;2199.0;32.67
1286.03;2199.0;32.67
1286.75;2208.0;32.64
1287.47;2190.0;32.7
1288.19;2199.0;32.67
1289.04;2193.0;32.69
1289.76;2190.0;32.7
1290.48;2190.0;32.7
1291.19;2181.0;32.73
1292.04;2178.0;32.74
1292.76;2181.0;32.73
1293.48;2178.0;32.74
1294.2;2175.0;32.75
1295.05;2178.0;32.74
1295.77;2169.0;32.77
1296.48;2178.0;32.74
1297.2;2169.0;32.77
1298.05;2166.0;32.78
1298.77;2163.0;32.79
1299.49;2166.0;32.78
1300.21;2157.0;32.81
1301.06;2154.0;32.82
1301.77;2157.0;32.81
1302.49;2154.0;32.82
1303.21;2154.0;32.82
1304.06;2154.0;32.82
1304.78;2157.0;32.81
1305.5;2157.0;32.81
1306.22;2148.0;32.84
1307.06;2145.0;32.85
1307.78;2145.0;32.85
1308.5;2139.0;32.87
1309.22;2145.0;32.85
1310.07;2145.0;32.85
1310.79;2136.0;32.88
1311.51;2136.0;32.88
1312.23;2133.0;32.89
1313.07;2127.0;32.91
1313.79;2124.0;32.92
1314.51;2127.0;32.91
1315.23;2118.0;32.94
1316.08;2127.0;32.91
1316.8;2115.0;32.95
1317.51;2124.0;32.92
1318.24;2118.0;32.94
1319.08;2109.0;32.97
1319.8;2109.0;32.97
1320.52;2118.0;32.94
1321.24;2109.0;32.97
1322.09;2106.0;32.98
1322.8;2109.0;32.97
1323.52;2106.0;32.98
1324.24;2106.0;32.98
1325.09;2103.0;32.99
1325.81;2097.0;33.01
1326.53;2097.0;33.01
1327.25;2097.0;33.01
1328.09;2097.0;33.01
1328.81;2094.0;33.02
1329.53;2085.0;33.05
1330.25;2088.0;33.04
1331.1;2085.0;33.05
1331.82;2085.0;33.05
1332.53;2085.0;33.05
1333.25;2085.0;33.05
1334.1;2085.0;33.05
1334.82;2076.0;33.08
1335.54;2076.0;33.08
1336.26;2076.0;33.08
1337.11;2076.0;33.08
1337.82;2073.0;33.09
1338.55;2061.0;33.13
1339.26;2073.0;33.09
1340.11;2061.0;33.13
1340.83;2061.0;33.13
1341.55;2061.0;33.13
1342.26;2061.0;33.13
1343.11;2061.0;33.13
1343.83;2055.0;33.15
1344.55;2055.0;33.15
1345.27;2046.0;33.18
1346.12;2046.0;33.18
1346.83;2052.0;33.16
1347.55;2043.0;33.19
1348.27;2046.0;33.18
1349.12;2046.0;33.18
1349.84;2043.0;33.19
1350.56;2043.0;33.19
1351.28;2034.0;33.22
1352.12;2037.0;33.21
1352.84;2031.0;33.23
1353.56;2031.0;33.23
1354.28;2025.0;33.25
1355.13;2031.0;33.23
1355.85;2025.0;33.25
1356.57;2031.0;33.23
1357.28;2022.0;33.26
1358.13;2022.0;33.26
1358.86;2016.0;33.28
1359.59;2013.0;33.29
1360.31;2016.0;33.28
1361.14;2016.0;33.28
1361.86;2013.0;33.29
1362.58;2013.0;33.29
1363.3;2010.0;33.3
1364.14;2004.0;33.32
1364.86;2004.0;33.32
1365.58;2001.0;33.33
1366.3;1998.0;33.34
1367.14;2001.0;33.33
1367.87;2004.0;33.32
1368.59;1998.0;33.34
1369.31;1998.0;33.34
1370.15;1992.0;33.36
1370.87;1992.0;33.36
1371.58;1980.0;33.4
1372.3;1989.0;33.37
1373.15;1959.0;33.47
1373.87;1938.0;33.54
1374.59;1920.0;33.6
1375.31;1890.0;33.7
1376.15;1854.0;33.82
1376.87;1818.0;33.94
1377.59;1785.0;34.05
1378.31;1752.0;34.16
1379.16;1704.0;34.32
1379.88;1674.0;34.42
1380.61;1641.0;34.53
1381.33;1608.0;34.64
1382.16;1578.0;34.74
1382.88;1548.0;34.84
1383.6;1524.0;34.92
1384.32;1494.0;35.02
1385.16;1455.0;35.15
1385.88;1434.0;35.22
1386.6;1410.0;35.3
1387.32;1383.0;35.39
1388.17;1350.0;35.5
1388.89;1332.0;35.56
1389.6;1308.0;35.64
1390.32;1290.0;35.7
1391.17;1257.0;35.81
1391.89;1233.0;35.89
1392.62;1218.0;35.94
1393.34;1197.0;36.01
1394.17;1164.0;36.12
1394.89;1146.0;36.18
1395.61;1134.0;36.22
1396.33;1110.0;36.3
1397.18;1092.0;36.36
1397.89;1071.0;36.43
1398.61;1059.0;36.47
1399.33;1038.0;36.54
1400.18;1017.0;36.61
1400.9;1008.0;36.64
1401.62;987.0;36.71
1402.33;966.0;36.78
1403.18;957.0;36.81
1403.9;936.0;36.88
1404.62;924.0;36.92
1405.34;912.0;36.96
1406.19;888.0;37.04
1406.91;876.0;37.08
1407.63;861.0;37.13
1408.36;843.0;37.19
1409.19;825.0;37.25
1409.91;822.0;37.26
1410.63;804.0;37.32
1411.35;789.0;37.37
1412.19;777.0;37.41
1412.91;762.0;37.46
1413.63;759.0;37.47
1414.35;741.0;37.53
1415.19;723.0;37.59
1415.91;708.0;37.64
1416.63;708.0;37.64
1417.35;696.0;37.68
1418.2;669.0;37.77
1418.92;660.0;37.8
1419.63;657.0;37.81
1420.35;645.0;37.85
1421.2;627.0;37.91
1421.93;615.0;37.95
1422.65;615.0;37.95
1423.38;603.0;37.99
1424.21;588.0;38.04
1424.93;573.0;38.09
1425.64;558.0;38.14
1426.36;555.0;38.15
1427.21;543.0;38.19
1427.93;531.0;38.23
1428.65;519.0;38.27
1429.37;504.0;38.32
1430.21;501.0;38.33
1430.93;489.0;38.37
1431.66;480.0;38.4
1432.38;471.0;38.43
1433.21;453.0;38.49
1433.93;450.0;38.5
1434.66;441.0;38.53
1435.38;429.0;38.57
1436.22;426.0;38.58
1436.94;408.0;38.64
1437.66;408.0;38.64
1438.38;399.0;38.67
1439.22;387.0;38.71
1439.94;375.0;38.75
1440.65;375.0;38.75
1441.38;363.0;38.79
1442.22;354.0;38.82
1442.94;342.0;38.86
1443.66;330.0;38.9
1444.38;336.0;38.88
1445.22;318.0;38.94
1445.94;306.0;38.98
1446.66;303.0;38.99
1447.38;303.0;38.99
1448.23;285.0;39.05
1448.95;276.0;39.08
1449.67;270.0;39.1
1450.38;264.0;39.12
1451.23;252.0;39.16
1451.95;246.0;39.18
1452.67;240.0;39.2
1453.39;234.0;39.22
1454.23;222.0;39.26
1454.95;213.0;39.29
1455.67;213.0;39.29
1456.4;210.0;39.3
1457.24;192.0;39.36
1457.96;189.0;39.37
1458.68;183.0;39.39
1459.41;174.0;39.42
1460.24;168.0;39.44
1460.96;162.0;39.46
1461.67;159.0;39.47
1462.39;153.0;39.49
1463.24;147.0;39.51
1463.96;141.0;39.53
1464.68;138.0;39.54
1465.4;123.0;39.59
1466.24;120.0;39.6
1466.97;117.0;39.61
1467.69;99.0;39.67
1468.4;105.0;39.65
1469.24;96.0;39.68
1469.96;87.0;39.71
1470.68;87.0;39.71
1471.4;78.0;39.74
1472.25;69.0;39.77
1472.97;69.0;39.77
1473.7;66.0;39.78
1474.42;51.0;39.83
1475.25;48.0;39.84
1475.97;48.0;39.84
1476.69;45.0;39.85
1477.41;30.0;39.9
1478.25;27.0;39.91
1478.98;15.0;39.95
1479.7;12.0;39.96
1480.42;6.0;39.98
1481.26;6.0;39.98
1481.97;-6.0;40.02
1482.7;-3.0;40.01
1483.42;-9.0;40.03
1484.26;-9.0;40.03
1484.98;-24.0;40.08
1485.7;-27.0;40.09
1486.42;-27.0;40.09
1487.26;-39.0;40.13
1487.98;-39.0;40.13
1488.71;-45.0;40.15
1489.43;-54.0;40.18
1490.26;-54.0;40.18
1490.99;-60.0;40.2
1491.71;-69.0;40.23
1492.43;-66.0;40.22
1493.26;-78.0;40.26
1493.98;-78.0;40.26
1494.7;-84.0;40.28
1495.42;-90.0;40.3
1496.27;-90.0;40.3
1496.98;-96.0;40.32
1497.7;-108.0;40.36
1498.42;-108.0;40.36
1499.27;-108.0;40.36
1499.99;-111.0;40.37
1500.71;-126.0;40.42
1501.43;-117.0;40.39
1502.27;-126.0;40.42
1502.99;-138.0;40.46
1503.71;-138.0;40.46
1504.43;-141.0;40.47
1505.27;-141.0;40.47
1505.99;-150.0;40.5
1506.71;-150.0;40.5
1507.43;-153.0;40.51
1508.28;-162.0;40.54
1508.99;-174.0;40.58
1509.71;-171.0;40.57
1510.43;-171.0;40.57
1511.28;-183.0;40.61
1512.0;-180.0;40.6
1512.72;-195.0;40.65
1513.44;-231.0;40.77
1514.28;-243.0;40.81
1515.0;-240.0;40.8
1515.72;-225.0;40.75
1516.44;-222.0;40.74
1517.28;-210.0;40.7
1518.0;-195.0;40.65
1518.72;-192.0;40.64
1519.44;-180.0;40.6
1520.28;-165.0;40.55
1521.0;-159.0;40.53
1521.72;-150.0;40.5
1522.44;-147.0;40.49
1523.29;-129.0;40.43
1524.01;-120.0;40.4
1524.72;-120.0;40.4
1525.45;-105.0;40.35
1526.29;-96.0;40.32
1527.01;-84.0;40.28
1527.73;-78.0;40.26
1528.45;-72.0;40.24
1529.29;-66.0;40.22
1530.01;-54.0;40.18
1530.73;-57.0;40.19
1531.45;-39.0;40.13
1532.29;-36.0;40.12
1533.01;-24.0;40.08
1533.73;-24.0;40.08
1534.45;-15.0;40.05
1535.29;-9.0;40.03
1536.01;-3.0;40.01
1536.73;3.0;39.99
1537.45;12.0;39.96
1538.3;12.0;39.96
1539.01;18.0;39.94
1539.73;24.0;39.92
1540.45;27.0;39.91
1541.3;36.0;39.88
1542.02;39.0;39.87
1542.74;48.0;39.84
1543.46;48.0;39.84
1544.3;48.0;39.84
1545.02;57.0;39.81
1545.74;63.0;39.79
1546.46;69.0;39.77
1547.3;78.0;39.74
1548.02;87.0;39.71
1548.74;99.0;39.67
1549.46;117.0;39.61
1550.31;129.0;39.57
1551.03;150.0;39.5
1551.75;159.0;39.47
1552.46;192.0;39.36
1553.31;222.0;39.26
1554.02;231.0;39.23
1554.74;240.0;39.2
1555.46;252.0;39.16
1556.31;246.0;39.18
1557.03;261.0;39.13
1557.75;282.0;39.06
1558.46;297.0;39.01
1559.31;303.0;38.99
1560.03;318.0;38.94
1560.75;318.0;38.94
1561.47;330.0;38.9
1562.31;345.0;38.85
1563.03;354.0;38.82
1563.75;363.0;38.79
1564.47;369.0;38.77
1565.31;381.0;38.73
1566.03;390.0;38.7
1566.75;399.0;38.67
1567.47;411.0;38.63
1568.32;426.0;38.58
1569.03;438.0;38.54
1569.75;438.0;38.54
1570.47;450.0;38.5
1571.32;459.0;38.47
1572.04;477.0;38.41
1572.76;480.0;38.4
1573.47;492.0;38.36
1574.32;510.0;38.3
1575.04;513.0;38.29
1575.76;522.0;38.26
1576.48;531.0;38.23
1577.32;543.0;38.19
1578.05;543.0;38.19
1578.77;558.0;38.14
1579.49;573.0;38.09
1580.33;573.0;38.09
1581.04;588.0;38.04
1581.77;594.0;38.02
1582.49;603.0;37.99
1583.33;603.0;37.99
1584.05;606.0;37.98
1584.76;597.0;38.01
1585.48;603.0;37.99
1586.33;615.0;37.95
1587.05;615.0;37.95
1587.77;627.0;37.91
1588.49;633.0;37.89
1589.33;639.0;37.87
1590.05;639.0;37.87
1590.77;657.0;37.81
1591.49;666.0;37.78
1592.34;678.0;37.74
1593.05;687.0;37.71
1593.77;696.0;37.68
1594.49;696.0;37.68
1595.34;696.0;37.68
1596.06;690.0;37.7
1596.78;687.0;37.71
1597.49;681.0;37.73
1598.34;681.0;37.73
1599.06;678.0;37.74
1599.78;678.0;37.74
1600.49;678.0;37.74
1601.34;675.0;37.75
1602.06;675.0;37.75
1602.78;675.0;37.75
1603.5;666.0;37.78
1604.34;666.0;37.78
1605.06;657.0;37.81
1605.78;660.0;37.8
1606.5;657.0;37.81
1607.35;648.0;37.84
1608.07;645.0;37.85
1608.79;648.0;37.84
1609.5;639.0;37.87
1610.35;639.0;37.87
1611.07;633.0;37.89
1611.79;633.0;37.89
1612.51;633.0;37.89
1613.35;633.0;37.89
1614.07;627.0;37.91
1614.79;627.0;37.91
1615.51;615.0;37.95
1616.36;615.0;37.95
1617.07;615.0;37.95
1617.79;612.0;37.96
1618.51;612.0;37.96
1619.36;612.0;37.96
1620.07;606.0;37.98
1620.79;606.0;37.98
1621.51;603.0;37.99
1622.36;597.0;38.01
1623.08;594.0;38.02
1623.8;588.0;38.04
1624.52;588.0;38.04
1625.36;588.0;38.04
1626.08;588.0;38.04
1626.8;582.0;38.06
1627.52;582.0;38.06
1628.36;582.0;38.06
1629.08;582.0;38.06
1629.8;573.0;38.09
1630.52;576.0;38.08
1631.37;567.0;38.11
1632.08;567.0;38.11
1632.8;567.0;38.11
1633.52;567.0;38.11
1634.37;558.0;38.14
1635.09;564.0;38.12
1635.81;564.0;38.12
1636.52;564.0;38.12
1637.37;555.0;38.15
1638.09;552.0;38.16
1638.81;552.0;38.16
1639.52;552.0;38.16
1640.37;552.0;38.16
1641.09;552.0;38.16
1641.81;546.0;38.18
1642.53;540.0;38.2
1643.38;546.0;38.18
1644.1;540.0;38.2
1644.82;531.0;38.23
1645.55;540.0;38.2
1646.38;540.0;38.2
1647.09;531.0;38.23
1647.81;540.0;38.2
1648.53;531.0;38.23
1649.38;525.0;38.25
1650.1;531.0;38.23
1650.82;522.0;38.26
1651.54;522.0;38.26
1652.38;522.0;38.26
1653.1;522.0;38.26
1653.82;519.0;38.27
1654.53;519.0;38.27
1655.38;522.0;38.26
1656.1;519.0;38.27
1656.82;513.0;38.29
1657.54;513.0;38.29
1658.39;513.0;38.29
1659.1;510.0;38.3
1659.82;510.0;38.3
1660.54;504.0;38.32
1661.39;510.0;38.3
1662.11;501.0;38.33
1662.83;501.0;38.33
1663.54;498.0;38.34
1664.39;501.0;38.33
1665.11;498.0;38.34
1665.83;498.0;38.34
1666.55;501.0;38.33
1667.39;483.0;38.39
1668.11;489.0;38.37
1668.83;483.0;38.39
1669.55;492.0;38.36
1670.39;489.0;38.37
1671.11;483.0;38.39
1671.83;483.0;38.39
1672.55;480.0;38.4
1673.4;477.0;38.41
1674.12;480.0;38.4
1674.84;477.0;38.41
1675.56;471.0;38.43
1676.4;477.0;38.41
1677.11;471.0;38.43
1677.83;471.0;38.43
1678.55;465.0;38.45
1679.4;471.0;38.43
1680.12;465.0;38.45
1680.84;465.0;38.45
1681.55;462.0;38.46
1682.4;462.0;38.46
1683.12;462.0;38.46
1683.84;453.0;38.49
1684.56;462.0;38.46
1685.4;453.0;38.49
1686.12;459.0;38.47
1686.84;459.0;38.47
1687.56;450.0;38.5
1688.41;447.0;38.51
1689.13;450.0;38.5
1689.85;447.0;38.51
1690.58;453.0;38.49
1691.41;441.0;38.53
1692.12;447.0;38.51
1692.84;447.0;38.51
1693.56;441.0;38.53
1694.41;447.0;38.51
1695.13;438.0;38.54
1695.85;438.0;38.54
1696.57;438.0;38.54
1697.41;429.0;38.57
1698.13;432.0;38.56
1698.85;426.0;38.58
1699.57;432.0;38.56
1700.41;429.0;38.57
1701.13;429.0;38.57
1701.85;438.0;38.54
1702.57;426.0;38.58
1703.41;429.0;38.57
1704.14;420.0;38.6
1704.86;420.0;38.6
1705.58;417.0;38.61
1706.42;420.0;38.6
1707.13;420.0;38.6
1707.85;408.0;38.64
1708.57;417.0;38.61
1709.42;408.0;38.64
1710.14;411.0;38.63
1710.86;408.0;38.64
1711.58;408.0;38.64
1712.42;408.0;38.64
1713.14;399.0;38.67
1713.86;408.0;38.64
1714.58;396.0;38.68
1715.42;402.0;38.66
1716.14;399.0;38.67
1716.86;399.0;38.67
1717.59;399.0;38.67
1718.42;399.0;38.67
1719.15;390.0;38.7
1719.87;390.0;38.7
1720.59;390.0;38.7
1721.42;387.0;38.71
1722.15;387.0;38.71
1722.87;390.0;38.7
1723.59;390.0;38.7
1724.43;381.0;38.73
1725.14;378.0;38.74
1725.86;375.0;38.75
1726.58;378.0;38.74
1727.43;378.0;38.74
1728.14;369.0;38.77
1728.86;375.0;38.75
1729.59;369.0;38.77
1730.43;369.0;38.77
1731.15;375.0;38.75
1731.87;375.0;38.75
1732.59;369.0;38.77
1733.43;369.0;38.77
1734.15;366.0;38.78
1734.88;363.0;38.79
1735.6;363.0;38.79
1736.43;357.0;38.81
1737.15;357.0;38.81
1737.87;354.0;38.82
1738.59;363.0;38.79
1739.43;354.0;38.82
1740.16;357.0;38.81
1740.88;354.0;38.82
1741.61;348.0;38.84
1742.43;348.0;38.84
1743.15;354.0;38.82
1743.87;348.0;38.84
1744.59;345.0;38.85
1745.43;342.0;38.86
1746.15;336.0;38.88
1746.87;342.0;38.86
1747.59;330.0;38.9
1748.44;330.0;38.9
1749.15;345.0;38.85
1749.87;342.0;38.86
1750.59;330.0;38.9
1751.45;342.0;38.86
1752.17;327.0;38.91
1752.89;327.0;38.91
1753.61;330.0;38.9
1754.44;327.0;38.91
1755.15;324.0;38.92
1755.87;324.0;38.92
1756.59;324.0;38.92
1757.44;318.0;38.94
1758.16;315.0;38.95
1758.87;324.0;38.92
1759.59;309.0;38.97
1760.44;315.0;38.95
1761.16;309.0;38.97
1761.88;318.0;38.94
1762.59;309.0;38.97
1763.44;309.0;38.97
1764.16;309.0;38.97
1764.88;303.0;38.99
1765.59;306.0;38.98
1766.44;306.0;38.98
1767.16;297.0;39.01
1767.88;297.0;39.01
1768.6;297.0;39.01
1769.44;297.0;39.01
1770.16;297.0;39.01
1770.88;288.0;39.04
1771.6;297.0;39.01
1772.44;288.0;39.04
1773.16;285.0;39.05
1773.88;297.0;39.01
1774.6;285.0;39.05
1775.45;285.0;39.05
1776.16;294.0;39.02
1776.88;288.0;39.04
1777.6;282.0;39.06
1778.45;282.0;39.06
1779.16;276.0;39.08
1779.88;285.0;39.05
1780.6;282.0;39.06
1781.45;276.0;39.08
1782.17;273.0;39.09
1782.89;276.0;39.08
1783.61;270.0;39.1
1784.45;273.0;39.09
1785.17;273.0;39.09
1785.88;264.0;39.12
1786.6;276.0;39.08
1787.45;273.0;39.09
1788.17;261.0;39.13
1788.89;270.0;39.1
1789.61;264.0;39.12
1790.45;264.0;39.12
1791.17;270.0;39.1
1791.89;255.0;39.15
1792.6;255.0;39.15
1793.45;252.0;39.16
1794.17;252.0;39.16
1794.89;255.0;39.15
1795.61;246.0;39.18
1796.45;246.0;39.18
1797.17;252.0;39.16
1797.89;252.0;39.16
1798.61;246.0;39.18
1799.45;246.0;39.18
1800.17;252.0;39.16
1800.89;234.0;39.22
1801.61;234.0;39.22
1802.45;240.0;39.2
1803.17;240.0;39.2
1803.89;243.0;39.19
1804.61;246.0;39.18
1805.45;240.0;39.2
1806.17;225.0;39.25
1806.89;231.0;39.23
1807.61;231.0;39.23
1808.45;231.0;39.23
1809.17;234.0;39.22
1809.9;231.0;39.23
1810.62;225.0;39.25
1811.46;222.0;39.26
1812.18;225.0;39.25
1812.9;222.0;39.26
1813.62;222.0;39.26
1814.46;213.0;39.29
1815.17;225.0;39.25
1815.89;219.0;39.27
1816.61;219.0;39.27
1817.46;219.0;39.27
1818.18;210.0;39.3
1818.9;204.0;39.32
1819.61;204.0;39.32
1820.46;201.0;39.33
1821.18;210.0;39.3
1821.89;213.0;39.29
1822.61;204.0;39.32
1823.46;201.0;39.33
1824.18;201.0;39.33
1824.89;201.0;39.33
1825.61;204.0;39.32
1826.46;195.0;39.35
1827.18;195.0;39.35
1827.9;195.0;39.35
1828.62;195.0;39.35
1829.46;192.0;39.36
1830.18;195.0;39.35
1830.9;189.0;39.37
1831.62;192.0;39.36
1832.46;192.0;39.36
1833.18;183.0;39.39
1833.9;183.0;39.39
1834.62;192.0;39.36
1835.46;180.0;39.4
1836.18;183.0;39.39
1836.9;183.0;39.39
1837.62;183.0;39.39
1838.46;174.0;39.42
1839.18;183.0;39.39
1839.9;174.0;39.42
1840.62;171.0;39.43
1841.46;180.0;39.4
1842.18;171.0;39.43
1842.9;174.0;39.42
1843.62;174.0;39.42
1844.46;171.0;39.43
1845.18;168.0;39.44
1845.9;168.0;39.44
1846.62;162.0;39.46
1847.46;159.0;39.47
1848.19;162.0;39.46
1848.91;162.0;39.46
1849.63;159.0;39.47
1850.46;159.0;39.47
1851.18;159.0;39.47
1851.9;159.0;39.47
1852.62;153.0;39.49
1853.46;159.0;39.47
1854.18;153.0;39.49
1854.9;153.0;39.49
1855.62;153.0;39.49
1856.46;153.0;39.49
1857.18;147.0;39.51
1857.9;147.0;39.51
1858.62;147.0;39.51
1859.46;150.0;39.5
1860.18;138.0;39.54
1860.9;141.0;39.53
1861.62;141.0;39.53
1862.47;141.0;39.53
1863.19;132.0;39.56
1863.91;138.0;39.54
1864.62;132.0;39.56
1865.47;129.0;39.57
1866.18;129.0;39.57
1866.9;129.0;39.57
1867.62;129.0;39.57
1868.47;129.0;39.57
1869.18;129.0;39.57
1869.9;120.0;39.6
1870.64;123.0;39.59
1871.47;123.0;39.59
1872.18;129.0;39.57
1872.9;117.0;39.61
1873.62;120.0;39.6
1874.47;117.0;39.61
1875.19;120.0;39.6
1875.91;117.0;39.61
1876.63;111.0;39.63
1877.47;117.0;39.61
1878.19;111.0;39.63
1878.91;108.0;39.64
1879.63;105.0;39.65
1880.47;108.0;39.64
1881.19;99.0;39.67
1881.91;108.0;39.64
1882.63;108.0;39.64
1883.47;105.0;39.65
1884.18;99.0;39.67
1884.9;105.0;39.65
1885.62;108.0;39.64
1886.47;96.0;39.68
1887.18;96.0;39.68
1887.9;96.0;39.68
1888.62;99.0;39.67
1889.47;90.0;39.7
1890.19;87.0;39.71
1890.9;90.0;39.7
1891.62;87.0;39.71
1892.47;90.0;39.7
1893.19;87.0;39.71
1893.9;90.0;39.7
1894.62;87.0;39.71
1895.47;84.0;39.72
1896.19;84.0;39.72
1896.9;78.0;39.74
1897.62;84.0;39.72
1898.47;75.0;39.75
1899.19;75.0;39.75
1899.9;78.0;39.74
1900.62;69.0;39.77
1901.47;75.0;39.75
1902.19;75.0;39.75
1902.9;75.0;39.75
1903.62;78.0;39.74
1904.47;69.0;39.77
1905.19;69.0;39.77
1905.91;69.0;39.77
1906.63;63.0;39.79
1907.47;66.0;39.78
1908.19;66.0;39.78
1908.91;66.0;39.78
1909.62;57.0;39.81
1910.47;57.0;39.81
1911.19;63.0;39.79
1911.91;63.0;39.79
1912.62;51.0;39.83
1913.47;51.0;39.83
1914.19;51.0;39.83
1914.91;57.0;39.81
1915.63;57.0;39.81
1916.47;48.0;39.84
1917.19;48.0;39.84
1917.91;48.0;39.84
1918.62;45.0;39.85
1919.47;48.0;39.84
1920.19;51.0;39.83
1920.91;48.0;39.84
1921.63;45.0;39.85
1922.47;39.0;39.87
1923.19;36.0;39.88
1923.91;39.0;39.87
1924.63;27.0;39.91
1925.47;36.0;39.88
1926.19;39.0;39.87
1926.91;30.0;39.9
1927.63;27.0;39.91
1928.47;30.0;39.9
1929.19;36.0;39.88
1929.91;30.0;39.9
1930.63;30.0;39.9
1931.47;27.0;39.91
1932.19;27.0;39.91
1932.91;27.0;39.91
1933.63;24.0;39.92
1934.47;24.0;39.92
1935.19;30.0;39.9
1935.91;24.0;39.92
1936.63;18.0;39.94
1937.47;18.0;39.94
1938.19;18.0;39.94
1938.91;18.0;39.94
1939.63;18.0;39.94
1940.47;15.0;39.95
1941.19;15.0;39.95
1941.91;15.0;39.95
1942.63;12.0;39.96
1943.47;12.0;39.96
1944.19;15.0;39.95
1944.91;6.0;39.98
1945.62;15.0;39.95
1946.47;6.0;39.98
1947.2;12.0;39.96
1947.92;6.0;39.98
1948.64;12.0;39.96
1949.47;15.0;39.95
1950.19;6.0;39.98
1950.91;6.0;39.98
1951.62;6.0;39.98
1952.47;6.0;39.98
1953.19;-3.0;40.01
1953.9;3.0;39.99
1954.62;-6.0;40.02
1955.47;-3.0;40.01
1956.19;-6.0;40.02
1956.91;-6.0;40.02
1957.63;-9.0;40.03
1958.47;-9.0;40.03
1959.19;-3.0;40.01
1959.9;-3.0;40.01
1960.62;-6.0;40.02
1961.47;-18.0;40.06
1962.19;-6.0;40.02
1962.91;-6.0;40.02
1963.63;3.0;39.99
1964.47;-6.0;40.02
1965.19;-9.0;40.03
1965.92;-9.0;40.03
1966.64;-15.0;40.05
1967.47;-15.0;40.05
1968.19;-18.0;40.06
1968.92;-18.0;40.06
1969.64;-18.0;40.06
1970.47;-24.0;40.08
1971.19;-18.0;40.06
1971.91;-15.0;40.05
1972.62;-24.0;40.08
1973.47;-24.0;40.08
1974.19;-18.0;40.06
1974.91;-24.0;40.08
1975.62;-15.0;40.05
1976.47;-27.0;40.09
1977.19;-24.0;40.08
1977.91;-24.0;40.08
1978.63;-24.0;40.08
1979.47;-24.0;40.08
1980.18;-27.0;40.09
1980.9;-27.0;40.09
1981.62;-33.0;40.11
1982.47;-27.0;40.09
1983.19;-27.0;40.09
1983.91;-27.0;40.09
1984.63;-33.0;40.11
1985.47;-27.0;40.09
1986.18;-33.0;40.11
1986.9;-27.0;40.09
1987.62;-39.0;40.13
1988.47;-33.0;40.11
1989.19;-24.0;40.08
1989.9;-36.0;40.12
1990.62;-36.0;40.12
1991.46;-36.0;40.12
1992.18;-36.0;40.12
1992.9;-36.0;40.12
1993.63;-39.0;40.13
1994.46;-36.0;40.12
1995.18;-36.0;40.12
1995.9;-36.0;40.12
1996.62;-33.0;40.11
1997.46;-45.0;40.15
1998.19;-39.0;40.13
1998.9;-39.0;40.13
1999.62;-45.0;40.15
2000.46;-45.0;40.15
2001.18;-45.0;40.15
2001.9;-45.0;40.15
2002.62;-45.0;40.15
2003.46;-39.0;40.13
2004.18;-48.0;40.16
2004.9;-45.0;40.15
2005.62;-39.0;40.13
2006.46;-45.0;40.15
2007.18;-45.0;40.15
2007.9;-45.0;40.15
2008.62;-48.0;40.16
2009.46;-45.0;40.15
2010.18;-39.0;40.13
2010.9;-45.0;40.15
2011.62;-54.0;40.18
2012.46;-54.0;40.18
2013.18;-48.0;40.16
2013.9;-45.0;40.15
2014.62;-54.0;40.18
2015.46;-54.0;40.18
2016.18;-54.0;40.18
2016.9;-45.0;40.15
2017.62;-57.0;40.19
2018.46;-48.0;40.16
2019.18;-48.0;40.16
2019.9;-57.0;40.19
2020.62;-48.0;40.16
2021.46;-54.0;40.18
2022.18;-60.0;40.2
2022.9;-57.0;40.19
2023.61;-54.0;40.18
2024.46;-48.0;40.16
2025.19;-48.0;40.16
2025.91;-54.0;40.18
2026.63;-57.0;40.19
2027.46;-57.0;40.19
2028.18;-54.0;40.18
2028.9;-57.0;40.19
2029.62;-54.0;40.18
2030.46;-60.0;40.2
2031.18;-60.0;40.2
2031.9;-60.0;40.2
2032.62;-60.0;40.2
2033.46;-57.0;40.19
2034.18;-60.0;40.2
2034.89;-57.0;40.19
2035.61;-60.0;40.2
2036.46;-57.0;40.19
2037.17;-60.0;40.2
2037.89;-66.0;40.22
2038.61;-57.0;40.19
2039.46;-60.0;40.2
2040.17;-66.0;40.22
2040.89;-57.0;40.19
2041.61;-60.0;40.2
2042.46;-60.0;40.2
2043.18;-60.0;40.2
2043.91;-66.0;40.22
2044.63;-60.0;40.2
2045.46;-60.0;40.2
2046.18;-57.0;40.19
2046.9;-60.0;40.2
2047.62;-57.0;40.19
2048.45;-66.0;40.22
2049.17;-60.0;40.2
2049.89;-57.0;40.19
2050.61;-69.0;40.23
2051.45;-66.0;40.22
2052.17;-57.0;40.19
2052.89;-60.0;40.2
2053.61;-57.0;40.19
2054.45;-69.0;40.23
2055.17;-60.0;40.2
2055.89;-69.0;40.23
2056.61;-66.0;40.22
2057.45;-69.0;40.23
2058.17;-69.0;40.23
2058.89;-66.0;40.22
2059.6;-60.0;40.2
2060.45;-66.0;40.22
2061.17;-66.0;40.22
2061.89;-57.0;40.19
2062.61;-66.0;40.22
2063.45;-66.0;40.22
2064.17;-60.0;40.2
2064.89;-54.0;40.18
2065.61;-60.0;40.2
2066.45;-66.0;40.22
2067.18;-69.0;40.23
2067.9;-69.0;40.23
2068.62;-60.0;40.2
2069.45;-66.0;40.22
2070.17;-69.0;40.23
2070.9;-66.0;40.22
2071.62;-60.0;40.2
2072.45;-66.0;40.22
2073.17;-69.0;40.23
2073.89;-69.0;40.23
2074.61;-60.0;40.2
2075.45;-66.0;40.22
2076.17;-60.0;40.2
2076.89;-69.0;40.23
2077.62;-66.0;40.22
2078.45;-69.0;40.23
2079.17;-66.0;40.22
2079.89;-69.0;40.23
2080.62;-69.0;40.23
2081.44;-66.0;40.22
2082.16;-72.0;40.24
2082.88;-66.0;40.22
2083.61;-69.0;40.23
2084.44;-69.0;40.23
2085.17;-66.0;40.22
2085.88;-66.0;40.22
2086.6;-60.0;40.2
2087.44;-60.0;40.2
2088.16;-66.0;40.22
2088.88;-69.0;40.23
2089.6;-60.0;40.2
2090.44;-66.0;40.22
2091.16;-60.0;40.2
2091.89;-69.0;40.23
2092.6;-66.0;40.22
2093.44;-72.0;40.24
2094.16;-69.0;40.23
2094.88;-66.0;40.22
2095.59;-60.0;40.2
2096.44;-60.0;40.2
2097.16;-66.0;40.22
2097.87;-69.0;40.23
2098.59;-66.0;40.22
2099.44;-66.0;40.22
2100.16;-60.0;40.2
2100.88;-66.0;40.22
2101.6;-69.0;40.23
2102.44;-69.0;40.23
2103.16;-69.0;40.23
2103.89;-72.0;40.24
2104.61;-69.0;40.23
2105.44;-69.0;40.23
2106.16;-66.0;40.22
2106.88;-66.0;40.22
2107.6;-60.0;40.2
2108.44;-72.0;40.24
2109.16;-60.0;40.2
2109.88;-57.0;40.19
2110.6;-69.0;40.23
2111.44;-60.0;40.2
2112.15;-69.0;40.23
2112.87;-60.0;40.2
2113.59;-60.0;40.2
2114.43;-66.0;40.22
2115.15;-66.0;40.22
2115.87;-60.0;40.2
2116.59;-57.0;40.19
2117.43;-57.0;40.19
2118.15;-60.0;40.2
2118.88;-57.0;40.19
2119.6;-69.0;40.23
2120.43;-57.0;40.19
2121.15;-66.0;40.22
2121.87;-60.0;40.2
2122.59;-57.0;40.19
2123.43;-60.0;40.2
2124.15;-57.0;40.19
2124.87;-54.0;40.18
2125.59;-60.0;40.2
2126.43;-60.0;40.2
2127.15;-66.0;40.22
2127.87;-66.0;40.22
2128.59;-66.0;40.22
2129.43;-60.0;40.2
2130.15;-57.0;40.19
2130.87;-60.0;40.2
2131.59;-57.0;40.19
2132.43;-57.0;40.19
2133.15;-57.0;40.19
2133.87;-57.0;40.19
2134.58;-60.0;40.2
2135.43;-57.0;40.19
2136.15;-57.0;40.19
2136.87;-57.0;40.19
2137.59;-60.0;40.2
2138.43;-57.0;40.19
2139.14;-54.0;40.18
2139.86;-57.0;40.19
2140.58;-54.0;40.18
2141.43;-54.0;40.18
2142.14;-57.0;40.19
2142.86;-54.0;40.18
2143.58;-60.0;40.2
2144.42;-48.0;40.16
2145.14;-57.0;40.19
2145.86;-54.0;40.18
2146.58;-57.0;40.19
2147.42;-54.0;40.18
2148.14;-54.0;40.18
2148.86;-54.0;40.18
2149.58;-48.0;40.16
2150.42;-48.0;40.16
2151.14;-54.0;40.18
2151.86;-57.0;40.19
2152.58;-57.0;40.19
2153.42;-54.0;40.18
2154.14;-57.0;40.19
2154.86;-54.0;40.18
2155.57;-48.0;40.16
2156.42;-60.0;40.2
2157.14;-54.0;40.18
2157.86;-54.0;40.18
2158.57;-45.0;40.15
2159.42;-45.0;40.15
2160.14;-48.0;40.16
2160.85;-48.0;40.16
2161.57;-48.0;40.16
2162.42;-39.0;40.13
2163.14;-45.0;40.15
2163.85;-45.0;40.15
2164.57;-48.0;40.16
2165.42;-39.0;40.13
2166.13;-45.0;40.15
2166.85;-36.0;40.12
2167.57;-45.0;40.15
2168.41;-48.0;40.16
2169.13;-39.0;40.13
2169.85;-36.0;40.12
2170.57;-39.0;40.13
2171.41;-45.0;40.15
2172.13;-45.0;40.15
2172.86;-39.0;40.13
2173.58;-39.0;40.13
2174.41;-45.0;40.15
2175.13;-48.0;40.16
2175.85;-45.0;40.15
2176.57;-45.0;40.15
2177.41;-39.0;40.13
2178.13;-36.0;40.12
2178.85;-39.0;40.13
2179.58;-36.0;40.12
2180.41;-33.0;40.11
2181.13;-39.0;40.13
2181.86;-36.0;40.12
2182.58;-33.0;40.11
2183.41;-33.0;40.11
2184.13;-36.0;40.12
2184.85;-33.0;40.11
2185.57;-36.0;40.12
2186.41;-36.0;40.12
2187.13;-33.0;40.11
2187.86;-36.0;40.12
2188.58;-36.0;40.12
2189.41;-36.0;40.12
2190.13;-33.0;40.11
2190.85;-24.0;40.08
2191.57;-33.0;40.11
2192.41;-27.0;40.09
2193.12;-33.0;40.11
2193.84;-33.0;40.11
2194.56;-18.0;40.06
2195.41;-27.0;40.09
2196.13;-27.0;40.09
2196.84;-27.0;40.09
2197.56;-33.0;40.11
2198.4;-33.0;40.11
2199.12;-24.0;40.08
2199.84;-27.0;40.09
2200.56;-24.0;40.08
2201.4;-24.0;40.08
2202.12;-27.0;40.09
2202.84;-27.0;40.09
2203.56;-24.0;40.08
2204.4;-24.0;40.08
2205.12;-24.0;40.08
2205.84;-18.0;40.06
2206.56;-18.0;40.06
2207.4;-24.0;40.08
2208.12;-18.0;40.06
2208.84;-15.0;40.05
2209.56;-18.0;40.06
2210.4;-18.0;40.06
2211.12;-18.0;40.06
2211.84;-15.0;40.05
2212.56;-15.0;40.05
2213.4;-15.0;40.05
2214.12;-15.0;40.05
2214.84;-18.0;40.06
2215.55;-15.0;40.05
2216.4;-15.0;40.05
2217.12;-15.0;40.05
2217.83;-9.0;40.03
2218.55;-6.0;40.02
2219.4;-9.0;40.03
2220.11;-9.0;40.03
2220.83;-6.0;40.02
2221.55;-9.0;40.03
2222.39;-9.0;40.03
2223.11;-6.0;40.02
2223.83;-6.0;40.02
2224.55;-3.0;40.01
2225.4;-3.0;40.01
2226.12;-3.0;40.01
2226.84;-6.0;40.02
2227.56;-3.0;40.01
2228.39;-3.0;40.01
2229.11;-3.0;40.01
2229.83;-6.0;40.02
2230.54;-6.0;40.02
2231.39;-6.0;40.02
2232.11;-3.0;40.01
2232.83;12.0;39.96
2233.55;3.0;39.99
2234.39;3.0;39.99
2235.11;3.0;39.99
2235.83;6.0;39.98
2236.55;6.0;39.98
2237.39;3.0;39.99
2238.11;6.0;39.98
2238.83;6.0;39.98
2239.55;6.0;39.98
2240.39;15.0;39.95
2241.11;6.0;39.98
2241.83;12.0;39.96
2242.55;6.0;39.98
2243.39;6.0;39.98
2244.11;6.0;39.98
2244.82;12.0;39.96
2245.54;12.0;39.96
2246.39;6.0;39.98
2247.11;12.0;39.96
2247.83;18.0;39.94
2248.55;18.0;39.94
2249.39;15.0;39.95
2250.1;15.0;39.95
2250.82;15.0;39.95
2251.54;15.0;39.95
2252.38;18.0;39.94
2253.11;15.0;39.95
2253.82;18.0;39.94
2254.54;18.0;39.94
2255.38;18.0;39.94
2256.1;18.0;39.94
2256.82;24.0;39.92
2257.54;18.0;39.94
2258.38;27.0;39.91
2259.1;24.0;39.92
2259.82;27.0;39.91
2260.54;24.0;39.92
2261.38;27.0;39.91
2262.1;27.0;39.91
2262.82;30.0;39.9
2263.54;24.0;39.92
2264.38;27.0;39.91
2265.1;24.0;39.92
2265.82;30.0;39.9
2266.54;36.0;39.88
2267.38;30.0;39.9
2268.1;30.0;39.9
2268.82;27.0;39.91
2269.53;30.0;39.9
2270.38;30.0;39.9
2271.1;30.0;39.9
2271.82;36.0;39.88
2272.53;30.0;39.9
2273.38;30.0;39.9
2274.09;39.0;39.87
2274.81;39.0;39.87
2275.53;39.0;39.87
2276.38;45.0;39.85
2277.09;39.0;39.87
2277.81;36.0;39.88
2278.53;39.0;39.87
2279.38;39.0;39.87
2280.1;45.0;39.85
2280.82;45.0;39.85
2281.53;45.0;39.85
2282.37;39.0;39.87
2283.09;45.0;39.85
2283.81;45.0;39.85
2284.53;39.0;39.87
2285.37;51.0;39.83
2286.09;39.0;39.87
2286.81;48.0;39.84
2287.53;48.0;39.84
2288.37;45.0;39.85
2289.09;48.0;39.84
2289.81;57.0;39.81
2290.53;48.0;39.84
2291.37;51.0;39.83
2292.09;51.0;39.83
2292.81;57.0;39.81
2293.52;57.0;39.81
2294.37;51.0;39.83
2295.09;48.0;39.84
2295.81;48.0;39.84
2296.52;57.0;39.81
2297.37;63.0;39.79
2298.09;57.0;39.81
2298.81;57.0;39.81
2299.52;63.0;39.79
2300.37;57.0;39.81
2301.09;66.0;39.78
2301.81;57.0;39.81
2302.52;63.0;39.79
2303.37;63.0;39.79
2304.09;63.0;39.79
2304.81;69.0;39.77
2305.53;66.0;39.78
2306.37;69.0;39.77
2307.09;69.0;39.77
2307.81;69.0;39.77
2308.53;69.0;39.77
2309.37;75.0;39.75
2310.08;66.0;39.78
2310.81;69.0;39.77
2311.53;69.0;39.77
2312.36;69.0;39.77
2313.08;69.0;39.77
2313.8;69.0;39.77
2314.52;75.0;39.75
2315.36;75.0;39.75
2316.09;75.0;39.75
2316.81;69.0;39.77
2317.53;69.0;39.77
2318.36;75.0;39.75
2319.08;69.0;39.77
2319.8;75.0;39.75
2320.52;84.0;39.72
2321.36;78.0;39.74
2322.08;75.0;39.75
2322.8;84.0;39.72
2323.52;84.0;39.72
2324.36;78.0;39.74
2325.08;78.0;39.74
2325.8;84.0;39.72
2326.52;84.0;39.72
2327.36;87.0;39.71
2328.08;84.0;39.72
2328.8;87.0;39.71
2329.52;84.0;39.72
2330.36;78.0;39.74
2331.08;84.0;39.72
2331.8;78.0;39.74
2332.51;90.0;39.7
2333.36;84.0;39.72
2334.08;87.0;39.71
2334.8;87.0;39.71
2335.52;87.0;39.71
2336.36;87.0;39.71
2337.08;90.0;39.7
2337.79;87.0;39.71
2338.51;96.0;39.68
2339.36;90.0;39.7
2340.08;90.0;39.7
2340.79;96.0;39.68
2341.51;99.0;39.67
2342.36;96.0;39.68
2343.07;87.0;39.71
2343.79;96.0;39.68
2344.51;96.0;39.68
2345.35;96.0;39.68
2346.07;96.0;39.68
2346.79;96.0;39.68
2347.51;96.0;39.68
2348.35;96.0;39.68
2349.07;96.0;39.68
2349.79;99.0;39.67
2350.51;99.0;39.67
2351.35;96.0;39.68
2352.07;99.0;39.67
2352.79;105.0;39.65
2353.51;105.0;39.65
2354.35;99.0;39.67
2355.07;105.0;39.65
2355.79;99.0;39.67
2356.51;99.0;39.67
2357.35;96.0;39.68
2358.07;105.0;39.65
2358.79;105.0;39.65
2359.51;105.0;39.65
2360.35;99.0;39.67
2361.07;105.0;39.65
2361.79;105.0;39.65
2362.5;111.0;39.63
2363.35;105.0;39.65
2364.07;105.0;39.65
2364.79;108.0;39.64
2365.51;108.0;39.64
2366.35;108.0;39.64
2367.07;111.0;39.63
2367.79;111.0;39.63
2368.5;108.0;39.64
2369.35;117.0;39.61
2370.07;111.0;39.63
2370.79;117.0;39.61
2371.5;108.0;39.64
2372.35;111.0;39.63
2373.07;108.0;39.64
2373.79;108.0;39.64
2374.51;108.0;39.64
2375.35;117.0;39.61
2376.07;111.0;39.63
2376.8;111.0;39.63
2377.52;111.0;39.63
2378.35;120.0;39.6
2379.07;111.0;39.63
2379.8;111.0;39.63
2380.52;117.0;39.61
2381.35;111.0;39.63
2382.06;123.0;39.59
2382.78;117.0;39.61
2383.5;117.0;39.61
2384.35;111.0;39.63
2385.06;117.0;39.61
2385.78;117.0;39.61
2386.5;123.0;39.59
2387.35;117.0;39.61
2388.06;117.0;39.61
2388.78;120.0;39.6
2389.5;117.0;39.61
2390.34;120.0;39.6
2391.06;129.0;39.57
2391.78;120.0;39.6
2392.5;123.0;39.59
2393.34;120.0;39.6
2394.06;123.0;39.59
2394.78;120.0;39.6
2395.5;120.0;39.6
2396.34;123.0;39.59
2397.06;123.0;39.59
2397.78;120.0;39.6
2398.5;117.0;39.61
2399.34;123.0;39.59
2400.06;120.0;39.6
2400.78;123.0;39.59
2401.5;123.0;39.59
2402.34;123.0;39.59
2403.06;129.0;39.57
2403.78;120.0;39.6
2404.5;123.0;39.59
2405.34;129.0;39.57
2406.06;123.0;39.59
2406.78;129.0;39.57
2407.5;132.0;39.56
2408.34;129.0;39.57
2409.06;129.0;39.57
2409.78;129.0;39.57
2410.5;129.0;39.57
2411.34;138.0;39.54
2412.06;129.0;39.57
2412.78;123.0;39.59
2413.5;129.0;39.57
2414.34;132.0;39.56
2415.06;129.0;39.57
2415.78;129.0;39.57
2416.5;129.0;39.57
2417.34;132.0;39.56
2418.06;132.0;39.56
2418.78;129.0;39.57
2419.5;132.0;39.56
2420.34;129.0;39.57
2421.06;138.0;39.54
2421.78;129.0;39.57
2422.5;138.0;39.54
2423.34;132.0;39.56
2424.06;129.0;39.57
2424.78;132.0;39.56
2425.49;132.0;39.56
2426.34;129.0;39.57
2427.06;132.0;39.56
2427.79;129.0;39.57
2428.51;129.0;39.57
2429.34;132.0;39.56
2430.06;132.0;39.56
2430.77;132.0;39.56
2431.49;141.0;39.53
2432.34;132.0;39.56
2433.06;129.0;39.57
2433.77;141.0;39.53
2434.49;132.0;39.56
2435.34;141.0;39.53
2436.05;138.0;39.54
2436.77;141.0;39.53
2437.49;138.0;39.54
2438.34;132.0;39.56
2439.06;138.0;39.54
2439.78;138.0;39.54
2440.5;141.0;39.53
2441.34;141.0;39.53
2442.05;141.0;39.53
2442.77;141.0;39.53
2443.49;138.0;39.54
2444.34;141.0;39.53
2445.05;138.0;39.54
2445.77;132.0;39.56
2446.49;141.0;39.53
2447.33;141.0;39.53
2448.05;141.0;39.53
2448.77;141.0;39.53
2449.49;147.0;39.51
2450.33;141.0;39.53
2451.05;138.0;39.54
2451.77;138.0;39.54
2452.49;138.0;39.54
2453.34;147.0;39.51
2454.05;138.0;39.54
2454.77;138.0;39.54
2455.49;138.0;39.54
2456.33;141.0;39.53
2457.05;141.0;39.53
2457.77;147.0;39.51
2458.49;141.0;39.53
2459.33;132.0;39.56
2460.05;138.0;39.54
2460.77;141.0;39.53
2461.49;147.0;39.51
2462.33;138.0;39.54
2463.05;138.0;39.54
2463.77;141.0;39.53
2464.49;147.0;39.51
2465.33;141.0;39.53
2466.05;141.0;39.53
2466.77;138.0;39.54
2467.49;147.0;39.51
2468.33;141.0;39.53
2469.05;150.0;39.5
2469.77;147.0;39.51
2470.49;138.0;39.54
2471.33;138.0;39.54
2472.05;150.0;39.5
2472.77;150.0;39.5
2473.49;138.0;39.54
2474.33;147.0;39.51
2475.05;147.0;39.51
2475.77;141.0;39.53
2476.49;147.0;39.51
2477.33;147.0;39.51
2478.06;141.0;39.53
2478.78;141.0;39.53
2479.5;141.0;39.53
2480.33;141.0;39.53
2481.06;147.0;39.51
2481.78;141.0;39.53
2482.5;150.0;39.5
2483.33;147.0;39.51
2484.05;147.0;39.51
2484.77;147.0;39.51
2485.48;147.0;39.51
2486.33;147.0;39.51
2487.05;141.0;39.53
2487.77;150.0;39.5
2488.49;147.0;39.51
2489.33;147.0;39.51
2490.05;150.0;39.5
2490.77;141.0;39.53
2491.48;141.0;39.53
2492.33;132.0;39.56
2493.05;141.0;39.53
2493.77;147.0;39.51
2494.48;141.0;39.53
2495.33;150.0;39.5
2496.05;147.0;39.51
2496.77;147.0;39.51
2497.48;147.0;39.51
2498.33;141.0;39.53
2499.05;141.0;39.53
2499.77;150.0;39.5
2500.48;147.0;39.51
2501.33;141.0;39.53
2502.05;141.0;39.53
2502.77;150.0;39.5
2503.49;147.0;39.51
2504.33;147.0;39.51
2505.05;150.0;39.5
2505.77;150.0;39.5
2506.49;147.0;39.51
2507.33;141.0;39.53
2508.04;147.0;39.51
2508.76;147.0;39.51
2509.48;147.0;39.51
2510.33;147.0;39.51
2511.05;150.0;39.5
2511.77;150.0;39.5
2512.49;147.0;39.51
2513.33;147.0;39.51
2514.04;150.0;39.5
2514.76;147.0;39.51
2515.48;141.0;39.53
2516.33;141.0;39.53
2517.04;150.0;39.5
2517.76;147.0;39.51
2518.48;141.0;39.53
2519.33;147.0;39.51
2520.04;141.0;39.53
2520.76;141.0;39.53
2521.48;141.0;39.53
2522.33;147.0;39.51
2523.05;147.0;39.51
2523.76;147.0;39.51
2524.48;147.0;39.51
2525.33;141.0;39.53
2526.05;147.0;39.51
2526.77;147.0;39.51
2527.48;141.0;39.53
2528.33;147.0;39.51
2529.04;150.0;39.5
2529.76;147.0;39.51
2530.48;147.0;39.51
2531.33;150.0;39.5
2532.05;147.0;39.51
2532.76;147.0;39.51
2533.48;141.0;39.53
2534.33;150.0;39.5
2535.04;138.0;39.54
2535.76;150.0;39.5
2536.48;138.0;39.54
2537.33;147.0;39.51
2538.04;138.0;39.54
2538.76;141.0;39.53
2539.48;138.0;39.54
2540.33;141.0;39.53
2541.05;141.0;39.53
2541.77;138.0;39.54
2542.49;147.0;39.51
2543.33;138.0;39.54
2544.04;141.0;39.53
2544.76;138.0;39.54
2545.48;150.0;39.5
2546.32;147.0;39.51
2547.04;147.0;39.51
2547.76;132.0;39.56
2548.48;141.0;39.53
2549.32;132.0;39.56
2550.04;141.0;39.53
2550.76;138.0;39.54
2551.48;141.0;39.53
2552.32;141.0;39.53
2553.04;147.0;39.51
2553.76;141.0;39.53
2554.48;141.0;39.53
2555.32;132.0;39.56
2556.04;138.0;39.54
2556.76;141.0;39.53
2557.48;141.0;39.53
2558.32;141.0;39.53
2559.04;138.0;39.54
2559.76;147.0;39.51
2560.48;138.0;39.54
2561.32;138.0;39.54
2562.04;132.0;39.56
2562.76;138.0;39.54
2563.48;138.0;39.54
2564.32;147.0;39.51
2565.04;132.0;39.56
2565.76;141.0;39.53
2566.48;132.0;39.56
2567.32;141.0;39.53
2568.04;138.0;39.54
2568.76;141.0;39.53
2569.48;132.0;39.56
2570.32;138.0;39.54
2571.04;138.0;39.54
2571.76;132.0;39.56
2572.48;132.0;39.56
2573.32;129.0;39.57
2574.04;129.0;39.57
2574.76;138.0;39.54
2575.48;132.0;39.56
2576.32;138.0;39.54
2577.04;141.0;39.53
2577.76;132.0;39.56
2578.48;132.0;39.56
2579.32;132.0;39.56
2580.04;138.0;39.54
2580.76;132.0;39.56
2581.48;138.0;39.54
2582.32;138.0;39.54
2583.04;132.0;39.56
2583.76;138.0;39.54
2584.48;138.0;39.54
2585.32;129.0;39.57
2586.04;138.0;39.54
2586.76;141.0;39.53
2587.48;129.0;39.57
2588.32;129.0;39.57
2589.04;132.0;39.56
2589.76;132.0;39.56
2590.48;129.0;39.57
2591.32;129.0;39.57
2592.04;132.0;39.56
2592.76;132.0;39.56
2593.48;129.0;39.57
2594.32;141.0;39.53
2595.04;132.0;39.56
2595.76;129.0;39.57
2596.48;129.0;39.57
2597.32;132.0;39.56
2598.04;132.0;39.56
2598.76;132.0;39.56
2599.48;129.0;39.57
2600.32;129.0;39.57
2601.04;132.0;39.56
2601.76;129.0;39.57
2602.48;138.0;39.54
2603.32;120.0;39.6
2604.04;129.0;39.57
2604.76;120.0;39.6
2605.48;138.0;39.54
2606.32;129.0;39.57
2607.04;129.0;39.57
2607.76;129.0;39.57
2608.48;129.0;39.57
2609.32;123.0;39.59
2610.04;123.0;39.59
2610.76;120.0;39.6
2611.48;120.0;39.6
2612.32;123.0;39.59
2613.04;120.0;39.6
2613.77;120.0;39.6
2614.48;120.0;39.6
2615.32;123.0;39.59
2616.04;123.0;39.59
2616.76;123.0;39.59
2617.48;120.0;39.6
2618.32;123.0;39.59
2619.04;123.0;39.59
2619.77;117.0;39.61
2620.49;120.0;39.6
2621.32;123.0;39.59
2622.04;123.0;39.59
2622.76;117.0;39.61
2623.48;120.0;39.6
2624.32;123.0;39.59
2625.04;120.0;39.6
2625.76;120.0;39.6
2626.48;117.0;39.61
2627.32;120.0;39.6
2628.04;117.0;39.61
2628.76;117.0;39.61
2629.48;123.0;39.59
2630.32;111.0;39.63
2631.04;117.0;39.61
2631.76;111.0;39.63
2632.47;120.0;39.6
2633.32;117.0;39.61
2634.04;117.0;39.61
2634.76;111.0;39.63
2635.47;117.0;39.61
2636.32;111.0;39.63
2637.04;117.0;39.61
2637.76;117.0;39.61
2638.47;108.0;39.64
2639.32;108.0;39.64
2640.05;117.0;39.61
2640.77;111.0;39.63
2641.48;111.0;39.63
2642.32;111.0;39.63
2643.04;111.0;39.63
2643.76;108.0;39.64
2644.47;111.0;39.63
2645.32;108.0;39.64
2646.04;108.0;39.64
2646.76;111.0;39.63
2647.47;111.0;39.63
2648.32;111.0;39.63
2649.04;108.0;39.64
2649.76;108.0;39.64
2650.47;108.0;39.64
2651.32;108.0;39.64
2652.04;108.0;39.64
2652.76;111.0;39.63
2653.47;105.0;39.65
2654.32;111.0;39.63
2655.04;105.0;39.65
2655.76;105.0;39.65
2656.48;108.0;39.64
2657.32;105.0;39.65
2658.04;117.0;39.61
2658.76;105.0;39.65
2659.48;105.0;39.65
2660.32;99.0;39.67
2661.04;99.0;39.67
2661.76;105.0;39.65
2662.48;108.0;39.64
2663.32;99.0;39.67
2664.04;99.0;39.67
2664.76;99.0;39.67
2665.48;99.0;39.67
2666.32;99.0;39.67
2667.04;99.0;39.67
2667.76;96.0;39.68
2668.47;105.0;39.65
2669.32;99.0;39.67
2670.04;105.0;39.65
2670.76;105.0;39.65
2671.47;99.0;39.67
2672.32;96.0;39.68
2673.04;99.0;39.67
2673.76;99.0;39.67
2674.48;99.0;39.67
2675.32;105.0;39.65
2676.04;105.0;39.65
2676.76;99.0;39.67
2677.48;96.0;39.68
2678.32;99.0;39.67
2679.04;90.0;39.7
2679.76;87.0;39.71
2680.47;90.0;39.7
2681.32;96.0;39.68
2682.04;99.0;39.67
2682.76;96.0;39.68
2683.47;87.0;39.71
2684.32;87.0;39.71
2685.04;90.0;39.7
2685.76;87.0;39.71
2686.47;96.0;39.68
2687.32;96.0;39.68
2688.04;84.0;39.72
2688.75;90.0;39.7
2689.47;90.0;39.7
2690.32;90.0;39.7
2691.04;78.0;39.74
2691.76;90.0;39.7
2692.47;87.0;39.71
2693.32;90.0;39.7
2694.04;87.0;39.71
2694.76;90.0;39.7
2695.48;87.0;39.71
2696.32;84.0;39.72
2697.04;84.0;39.72
2697.76;87.0;39.71
2698.47;84.0;39.72
2699.32;87.0;39.71
2700.04;84.0;39.72
2700.76;90.0;39.7
2701.48;84.0;39.72
2702.32;84.0;39.72
2703.04;84.0;39.72
2703.76;84.0;39.72
2704.47;84.0;39.72
2705.32;78.0;39.74
2706.04;78.0;39.74
2706.76;84.0;39.72
2707.47;75.0;39.75
2708.32;84.0;39.72
2709.04;84.0;39.72
2709.76;84.0;39.72
2710.47;75.0;39.75
2711.32;78.0;39.74
2712.04;75.0;39.75
2712.76;69.0;39.77
2713.47;75.0;39.75
2714.32;75.0;39.75
2715.04;75.0;39.75
2715.75;78.0;39.74
2716.47;75.0;39.75
2717.32;75.0;39.75
2718.04;69.0;39.77
2718.76;69.0;39.77
2719.47;75.0;39.75
2720.32;66.0;39.78
2721.04;75.0;39.75
2721.76;69.0;39.77
2722.47;75.0;39.75
2723.32;66.0;39.78
2724.04;69.0;39.77
2724.76;66.0;39.78
2725.47;66.0;39.78
2726.32;69.0;39.77
2727.04;66.0;39.78
2727.75;69.0;39.77
2728.47;66.0;39.78
2729.32;63.0;39.79
2730.04;66.0;39.78
2730.76;69.0;39.77
2731.48;69.0;39.77
2732.32;69.0;39.77
2733.04;63.0;39.79
2733.76;66.0;39.78
2734.47;66.0;39.78
2735.32;66.0;39.78
2736.04;57.0;39.81
2736.75;66.0;39.78
2737.47;63.0;39.79
2738.32;66.0;39.78
2739.03;51.0;39.83
2739.75;63.0;39.79
2740.47;63.0;39.79
2741.32;66.0;39.78
2742.03;57.0;39.81
2742.75;63.0;39.79
2743.48;63.0;39.79
2744.32;63.0;39.79
2745.04;57.0;39.81
2745.76;57.0;39.81
2746.48;51.0;39.83
2747.32;57.0;39.81
2748.04;57.0;39.81
2748.77;51.0;39.83
2749.49;51.0;39.83
2750.32;57.0;39.81
2751.03;48.0;39.84
2751.75;51.0;39.83
2752.47;48.0;39.84
2753.31;51.0;39.83
2754.03;51.0;39.83
2754.75;51.0;39.83
2755.47;51.0;39.83
2756.31;48.0;39.84
2757.04;51.0;39.83
2757.76;51.0;39.83
2758.49;57.0;39.81
2759.31;48.0;39.84
2760.03;48.0;39.84
2760.75;48.0;39.84
2761.47;57.0;39.81
2762.32;48.0;39.84
2763.04;48.0;39.84
2763.76;51.0;39.83
2764.48;51.0;39.83
2765.31;45.0;39.85
2766.03;48.0;39.84
2766.76;48.0;39.84
2767.48;48.0;39.84
2768.32;45.0;39.85
2769.04;45.0;39.85
2769.76;39.0;39.87
2770.48;45.0;39.85
2771.31;39.0;39.87
2772.03;48.0;39.84
2772.75;48.0;39.84
2773.47;39.0;39.87
2774.31;45.0;39.85
2775.03;45.0;39.85
2775.75;48.0;39.84
2776.47;39.0;39.87
2777.31;39.0;39.87
2778.03;45.0;39.85
2778.75;45.0;39.85
2779.47;45.0;39.85
2780.31;39.0;39.87
2781.03;36.0;39.88
2781.75;45.0;39.85
2782.47;39.0;39.87
2783.31;45.0;39.85
2784.03;39.0;39.87
2784.75;45.0;39.85
2785.47;36.0;39.88
2786.31;39.0;39.87
2787.03;36.0;39.88
2787.75;39.0;39.87
2788.47;45.0;39.85
2789.31;39.0;39.87
2790.03;39.0;39.87
2790.75;39.0;39.87
2791.47;30.0;39.9
2792.31;36.0;39.88
2793.03;36.0;39.88
2793.75;30.0;39.9
2794.47;36.0;39.88
2795.31;30.0;39.9
2796.03;36.0;39.88
2796.75;36.0;39.88
2797.47;30.0;39.9
2798.31;39.0;39.87
2799.03;39.0;39.87
2799.75;30.0;39.9
2800.47;36.0;39.88
2801.31;39.0;39.87
2802.03;36.0;39.88
2802.75;30.0;39.9
2803.47;36.0;39.88
2804.31;36.0;39.88
2805.03;30.0;39.9
2805.75;36.0;39.88
2806.47;30.0;39.9
2807.31;27.0;39.91
2808.03;27.0;39.91
2808.75;27.0;39.91
2809.47;24.0;39.92
2810.31;27.0;39.91
2811.03;27.0;39.91
2811.75;30.0;39.9
2812.46;27.0;39.91
2813.31;27.0;39.91
2814.04;30.0;39.9
2814.76;30.0;39.9
2815.48;24.0;39.92
2816.31;27.0;39.91
2817.03;30.0;39.9
2817.75;27.0;39.91
2818.47;27.0;39.91
2819.31;24.0;39.92
2820.03;24.0;39.92
2820.75;27.0;39.91
2821.47;27.0;39.91
2822.31;30.0;39.9
2823.03;27.0;39.91
2823.75;27.0;39.91
2824.47;27.0;39.91
2825.31;30.0;39.9
2826.03;24.0;39.92
2826.75;27.0;39.91
2827.46;27.0;39.91
2828.31;27.0;39.91
2829.03;24.0;39.92
2829.75;18.0;39.94
2830.46;24.0;39.92
2831.31;30.0;39.9
2832.03;24.0;39.92
2832.75;30.0;39.9
2833.47;27.0;39.91
2834.31;24.0;39.92
2835.03;27.0;39.91
2835.75;30.0;39.9
2836.46;24.0;39.92
2837.31;18.0;39.94
2838.03;24.0;39.92
2838.74;24.0;39.92
2839.46;24.0;39.92
2840.31;24.0;39.92
2841.03;24.0;39.92
2841.74;24.0;39.92
2842.46;27.0;39.91
2843.31;24.0;39.92
2844.02;24.0;39.92
2844.74;24.0;39.92
2845.46;24.0;39.92
2846.31;24.0;39.92
2847.03;24.0;39.92
2847.74;24.0;39.92
2848.46;18.0;39.94
2849.31;18.0;39.94
2850.03;24.0;39.92
2850.74;18.0;39.94
2851.46;18.0;39.94
2852.31;18.0;39.94
2853.03;18.0;39.94
2853.75;18.0;39.94
2854.48;24.0;39.92
2855.31;24.0;39.92
2856.02;18.0;39.94
2856.74;24.0;39.92
2857.46;27.0;39.91
2858.31;18.0;39.94
2859.03;18.0;39.94
2859.75;18.0;39.94
2860.47;24.0;39.92
2861.3;24.0;39.92
2862.02;24.0;39.92
2862.74;24.0;39.92
2863.46;18.0;39.94
2864.31;18.0;39.94
2865.02;24.0;39.92
2865.74;24.0;39.92
2866.46;24.0;39.92
2867.3;18.0;39.94
2868.02;15.0;39.95
2868.74;18.0;39.94
2869.46;15.0;39.95
2870.3;15.0;39.95
2871.03;18.0;39.94
2871.75;15.0;39.95
2872.47;18.0;39.94
2873.3;27.0;39.91
2874.02;24.0;39.92
2874.74;18.0;39.94
2875.46;18.0;39.94
2876.3;18.0;39.94
2877.03;24.0;39.92
2877.75;18.0;39.94
2878.48;15.0;39.95
2879.3;18.0;39.94
2880.02;15.0;39.95
2880.74;18.0;39.94
2881.46;24.0;39.92
2882.3;18.0;39.94
2883.03;18.0;39.94
2883.74;24.0;39.92
2884.46;24.0;39.92
2885.3;15.0;39.95
2886.02;18.0;39.94
2886.74;27.0;39.91
2887.46;24.0;39.92
2888.3;15.0;39.95
2889.02;18.0;39.94
2889.74;24.0;39.92
2890.47;18.0;39.94
2891.3;24.0;39.92
2892.02;15.0;39.95
2892.74;15.0;39.95
2893.46;18.0;39.94
2894.3;24.0;39.92
2895.03;15.0;39.95
2895.75;18.0;39.94
2896.46;24.0;39.92
2897.3;15.0;39.95
2898.02;24.0;39.92
2898.74;18.0;39.94
2899.46;18.0;39.94
2900.3;24.0;39.92
2901.02;18.0;39.94
2901.74;24.0;39.92
2902.45;15.0;39.95
2903.3;18.0;39.94
2904.02;15.0;39.95
2904.74;24.0;39.92
2905.45;18.0;39.94
2906.3;18.0;39.94
2907.03;24.0;39.92
2907.75;27.0;39.91
2908.47;27.0;39.91
2909.3;18.0;39.94
2910.02;18.0;39.94
2910.74;24.0;39.92
2911.45;24.0;39.92
2912.3;18.0;39.94
2913.02;18.0;39.94
2913.73;27.0;39.91
2914.45;24.0;39.92
2915.3;24.0;39.92
2916.02;27.0;39.91
2916.73;24.0;39.92
2917.45;15.0;39.95
2918.3;18.0;39.94
2919.02;15.0;39.95
2919.73;18.0;39.94
2920.45;18.0;39.94
2921.3;24.0;39.92
2922.02;27.0;39.91
2922.73;15.0;39.95
2923.45;18.0;39.94
2924.3;18.0;39.94
2925.02;30.0;39.9
2925.73;18.0;39.94
2926.45;24.0;39.92
2927.3;15.0;39.95
2928.01;24.0;39.92
2928.73;27.0;39.91
2929.45;24.0;39.92
2930.3;27.0;39.91
2931.01;27.0;39.91
2931.73;24.0;39.92
2932.45;27.0;39.91
2933.3;27.0;39.91
2934.02;27.0;39.91
2934.74;27.0;39.91
2935.46;30.0;39.9
2936.3;24.0;39.92
2937.02;18.0;39.94
2937.74;27.0;39.91
2938.45;24.0;39.92
2939.29;24.0;39.92
2940.01;24.0;39.92
2940.73;30.0;39.9
2941.45;24.0;39.92
2942.29;27.0;39.91
2943.01;18.0;39.94
2943.73;27.0;39.91
2944.45;15.0;39.95
2945.29;27.0;39.91
2946.01;24.0;39.92
2946.73;27.0;39.91
2947.45;27.0;39.91
2948.29;30.0;39.9
2949.01;27.0;39.91
2949.73;27.0;39.91
2950.45;24.0;39.92
2951.29;24.0;39.92
2952.01;24.0;39.92
2952.73;36.0;39.88
2953.45;24.0;39.92
2954.29;27.0;39.91
2955.01;27.0;39.91
2955.73;27.0;39.91
2956.45;30.0;39.9
2957.29;27.0;39.91
2958.01;24.0;39.92
2958.73;24.0;39.92
2959.45;30.0;39.9
2960.29;27.0;39.91
2961.01;30.0;39.9
2961.73;27.0;39.91
2962.45;27.0;39.91
2963.29;30.0;39.9
2964.02;30.0;39.9
2964.73;30.0;39.9
2965.45;27.0;39.91
2966.29;36.0;39.88
2967.02;27.0;39.91
2967.74;30.0;39.9
2968.46;27.0;39.91
2969.29;27.0;39.91
2970.01;27.0;39.91
2970.73;27.0;39.91
2971.44;36.0;39.88
2972.29;39.0;39.87
2973.01;36.0;39.88
2973.73;30.0;39.9
2974.44;30.0;39.9
2975.29;36.0;39.88
2976.01;30.0;39.9
2976.73;36.0;39.88
2977.44;36.0;39.88
2978.29;36.0;39.88
2979.01;36.0;39.88
2979.72;30.0;39.9
2980.44;36.0;39.88
2981.29;39.0;39.87
2982.01;27.0;39.91
2982.73;36.0;39.88
2983.44;36.0;39.88
2984.29;39.0;39.87
2985.0;30.0;39.9
2985.72;36.0;39.88
2986.44;36.0;39.88
2987.29;36.0;39.88
2988.01;39.0;39.87
2988.73;36.0;39.88
2989.46;39.0;39.87
2990.29;36.0;39.88
2991.0;39.0;39.87
2991.72;45.0;39.85
2992.45;39.0;39.87
2993.29;39.0;39.87
2994.0;39.0;39.87
2994.72;39.0;39.87
2995.45;39.0;39.87
2996.29;39.0;39.87
2997.01;45.0;39.85
2997.73;45.0;39.85
2998.45;36.0;39.88
2999.28;39.0;39.87
3000.0;45.0;39.85
3000.72;39.0;39.87
3001.44;45.0;39.85
3002.28;45.0;39.85
3003.0;48.0;39.84
3003.72;48.0;39.84
3004.44;36.0;39.88
3005.28;45.0;39.85
3006.0;45.0;39.85
3006.72;48.0;39.84
3007.44;48.0;39.84
3008.28;39.0;39.87
3009.0;45.0;39.85
3009.73;39.0;39.87
3010.44;39.0;39.87
3011.28;45.0;39.85
3012.0;45.0;39.85
3012.72;51.0;39.83
3013.44;39.0;39.87
3014.28;48.0;39.84
3015.0;45.0;39.85
3015.72;45.0;39.85
3016.44;45.0;39.85
3017.28;48.0;39.84
3018.0;48.0;39.84
3018.72;45.0;39.85
3019.44;48.0;39.84
3020.28;45.0;39.85
3021.0;45.0;39.85
3021.72;57.0;39.81
3022.44;48.0;39.84
3023.28;48.0;39.84
3024.0;51.0;39.83
3024.72;48.0;39.84
3025.44;51.0;39.83
3026.28;48.0;39.84
3027.01;57.0;39.81
3027.73;51.0;39.83
3028.45;51.0;39.83
3029.28;48.0;39.84
3030.0;57.0;39.81
3030.72;51.0;39.83
3031.44;48.0;39.84
3032.28;51.0;39.83
3033.0;48.0;39.84
3033.71;51.0;39.83
3034.43;48.0;39.84
3035.28;51.0;39.83
3036.0;48.0;39.84
3036.72;51.0;39.83
3037.43;51.0;39.83
3038.28;57.0;39.81
3039.0;57.0;39.81
3039.72;57.0;39.81
3040.44;63.0;39.79
3041.28;63.0;39.79
3042.0;57.0;39.81
3042.71;57.0;39.81
3043.43;57.0;39.81
3044.28;57.0;39.81
3044.99;51.0;39.83
3045.71;63.0;39.79
3046.44;63.0;39.79
3047.28;63.0;39.79
3048.0;63.0;39.79
3048.72;57.0;39.81
3049.44;57.0;39.81
3050.28;57.0;39.81
3051.0;57.0;39.81
3051.72;63.0;39.79
3052.44;63.0;39.79
3053.28;57.0;39.81
3053.99;57.0;39.81
3054.71;51.0;39.83
3055.43;69.0;39.77
3056.28;66.0;39.78
3056.99;63.0;39.79
3057.71;51.0;39.83
3058.43;63.0;39.79
3059.27;66.0;39.78
3059.99;63.0;39.79
3060.71;63.0;39.79
3061.43;69.0;39.77
3062.27;66.0;39.78
3062.99;69.0;39.77
3063.71;66.0;39.78
3064.43;63.0;39.79
3065.27;63.0;39.79
3065.99;66.0;39.78
3066.71;66.0;39.78
3067.43;75.0;39.75
3068.27;57.0;39.81
3068.99;69.0;39.77
3069.71;66.0;39.78
3070.43;66.0;39.78
3071.27;69.0;39.77
3071.99;66.0;39.78
3072.71;63.0;39.79
3073.43;69.0;39.77
3074.27;69.0;39.77
3074.99;66.0;39.78
3075.71;66.0;39.78
3076.43;69.0;39.77
3077.27;75.0;39.75
3077.99;69.0;39.77
3078.71;78.0;39.74
3079.43;75.0;39.75
3080.27;66.0;39.78
3080.99;66.0;39.78
3081.71;75.0;39.75
3082.43;75.0;39.75
3083.27;69.0;39.77
3083.99;75.0;39.75
3084.72;69.0;39.77
3085.44;69.0;39.77
3086.27;75.0;39.75
3086.99;75.0;39.75
3087.71;69.0;39.77
3088.43;75.0;39.75
3089.27;75.0;39.75
3089.99;75.0;39.75
3090.71;69.0;39.77
3091.43;75.0;39.75
3092.27;75.0;39.75
3092.99;75.0;39.75
3093.71;69.0;39.77
3094.43;69.0;39.77
3095.27;69.0;39.77
3095.99;78.0;39.74
3096.7;78.0;39.74
3097.42;69.0;39.77
3098.27;69.0;39.77
3098.99;75.0;39.75
3099.71;78.0;39.74
3100.42;75.0;39.75
3101.27;78.0;39.74
3101.99;78.0;39.74
3102.71;78.0;39.74
3103.43;78.0;39.74
3104.27;69.0;39.77
3104.99;78.0;39.74
3105.71;78.0;39.74
3106.42;75.0;39.75
3107.27;87.0;39.71
3107.99;84.0;39.72
3108.72;75.0;39.75
3109.44;84.0;39.72
3110.27;78.0;39.74
3110.98;84.0;39.72
3111.71;84.0;39.72
3112.43;78.0;39.74
3113.27;78.0;39.74
3113.99;84.0;39.72
3114.71;75.0;39.75
3115.43;78.0;39.74
3116.27;84.0;39.72
3116.98;84.0;39.72
3117.7;84.0;39.72
3118.42;78.0;39.74
3119.27;84.0;39.72
3119.99;78.0;39.74
3120.71;87.0;39.71
3121.44;84.0;39.72
3122.27;84.0;39.72
3122.98;87.0;39.71
3123.7;78.0;39.74
3124.42;84.0;39.72
3125.27;84.0;39.72
3125.99;78.0;39.74
3126.7;84.0;39.72
3127.42;87.0;39.71
3128.26;84.0;39.72
3128.98;78.0;39.74
3129.7;78.0;39.74
3130.42;78.0;39.74
3131.27;87.0;39.71
3131.99;90.0;39.7
3132.71;84.0;39.72
3133.44;78.0;39.74
3134.27;84.0;39.72
3134.98;84.0;39.72
3135.7;84.0;39.72
3136.42;84.0;39.72
3137.26;87.0;39.71
3137.98;78.0;39.74
3138.7;90.0;39.7
3139.42;87.0;39.71
3140.26;84.0;39.72
3140.98;87.0;39.71
3141.7;84.0;39.72
3142.42;87.0;39.71
3143.26;87.0;39.71
3143.98;84.0;39.72
3144.7;84.0;39.72
3145.42;90.0;39.7
3146.26;87.0;39.71
3146.98;87.0;39.71
3147.7;87.0;39.71
3148.42;87.0;39.71
3149.26;84.0;39.72
3149.98;87.0;39.71
3150.7;87.0;39.71
3151.42;87.0;39.71
3152.26;87.0;39.71
3152.99;84.0;39.72
3153.71;96.0;39.68
3154.42;87.0;39.71
3155.26;90.0;39.7
3155.98;87.0;39.71
3156.7;87.0;39.71
3157.42;87.0;39.71
3158.26;87.0;39.71
3158.98;90.0;39.7
3159.7;96.0;39.68
3160.42;87.0;39.71
3161.26;87.0;39.71
3161.98;87.0;39.71
3162.7;84.0;39.72
3163.41;87.0;39.71
3164.26;87.0;39.71
3164.98;87.0;39.71
3165.69;90.0;39.7
3166.41;90.0;39.7
3167.26;87.0;39.71
3167.98;96.0;39.68
3168.7;90.0;39.7
3169.42;87.0;39.71
3170.26;87.0;39.71
3170.98;87.0;39.71
3171.7;90.0;39.7
3172.42;96.0;39.68
3173.26;87.0;39.71
3173.98;90.0;39.7
3174.7;96.0;39.68
3175.41;90.0;39.7
3176.26;90.0;39.7
3176.98;96.0;39.68
3177.7;90.0;39.7
3178.42;90.0;39.7
3179.26;90.0;39.7
3179.98;90.0;39.7
3180.7;90.0;39.7
3181.42;96.0;39.68
3182.26;87.0;39.71
3182.98;90.0;39.7
3183.69;90.0;39.7
3184.41;90.0;39.7
3185.26;90.0;39.7
3185.97;90.0;39.7
3186.69;90.0;39.7
3187.41;90.0;39.7
3188.26;90.0;39.7
3188.98;90.0;39.7
3189.69;87.0;39.71
3190.41;87.0;39.71
3191.26;87.0;39.71
3191.98;90.0;39.7
3192.69;96.0;39.68
3193.41;90.0;39.7
3194.26;90.0;39.7
3194.98;90.0;39.7
3195.69;99.0;39.67
3196.41;87.0;39.71
3197.26;87.0;39.71
3197.98;90.0;39.7
3198.69;96.0;39.68
3199.41;96.0;39.68
3200.26;87.0;39.71
3200.97;90.0;39.7
3201.69;87.0;39.71
3202.41;87.0;39.71
3203.25;90.0;39.7
3203.97;87.0;39.71
3204.69;96.0;39.68
3205.41;90.0;39.7
3206.25;87.0;39.71
3206.97;96.0;39.68
3207.69;96.0;39.68
3208.41;90.0;39.7
3209.26;90.0;39.7
3209.97;87.0;39.71
3210.69;90.0;39.7
3211.41;90.0;39.7
3212.25;87.0;39.71
3212.97;87.0;39.71
3213.69;87.0;39.71
3214.41;87.0;39.71
3215.25;87.0;39.71
3215.97;87.0;39.71
3216.69;90.0;39.7
3217.41;90.0;39.7
3218.25;87.0;39.71
3218.97;90.0;39.7
3219.69;90.0;39.7
3220.41;87.0;39.71
3221.25;96.0;39.68
3221.97;87.0;39.71
3222.69;87.0;39.71
3223.41;87.0;39.71
3224.25;90.0;39.7
3224.97;90.0;39.7
3225.69;87.0;39.71
3226.41;84.0;39.72
3227.25;96.0;39.68
3227.97;87.0;39.71
3228.69;96.0;39.68
3229.41;90.0;39.7
3230.25;87.0;39.71
3230.97;90.0;39.7
3231.69;96.0;39.68
3232.41;96.0;39.68
3233.25;90.0;39.7
3233.97;90.0;39.7
3234.69;87.0;39.71
3235.41;90.0;39.7
3236.25;90.0;39.7
3236.97;90.0;39.7
3237.69;87.0;39.71
3238.41;90.0;39.7
3239.25;84.0;39.72
3239.97;90.0;39.7
3240.69;87.0;39.71
3241.41;90.0;39.7
3242.25;87.0;39.71
3242.97;84.0;39.72
3243.69;90.0;39.7
3244.41;84.0;39.72
3245.25;87.0;39.71
3245.97;96.0;39.68
3246.69;87.0;39.71
3247.41;87.0;39.71
3248.25;96.0;39.68
3248.97;87.0;39.71
3249.69;90.0;39.7
3250.41;87.0;39.71
3251.25;90.0;39.7
3251.97;90.0;39.7
3252.7;87.0;39.71
3253.42;90.0;39.7
3254.25;87.0;39.71
3254.97;87.0;39.71
3255.7;90.0;39.7
3256.42;87.0;39.71
3257.25;90.0;39.7
3257.97;90.0;39.7
3258.69;96.0;39.68
3259.41;87.0;39.71
3260.25;87.0;39.71
3260.97;87.0;39.71
3261.69;87.0;39.71
3262.41;84.0;39.72
3263.25;87.0;39.71
3263.97;87.0;39.71
3264.69;84.0;39.72
3265.41;90.0;39.7
3266.25;90.0;39.7
3266.97;78.0;39.74
3267.69;87.0;39.71
3268.41;84.0;39.72
3269.25;96.0;39.68
3269.97;84.0;39.72
3270.69;84.0;39.72
3271.41;84.0;39.72
3272.25;84.0;39.72
3272.97;84.0;39.72
3273.69;84.0;39.72
3274.41;84.0;39.72
3275.25;84.0;39.72
3275.97;84.0;39.72
3276.7;84.0;39.72
3277.42;87.0;39.71
3278.25;78.0;39.74
3278.97;84.0;39.72
3279.69;84.0;39.72
3280.41;84.0;39.72
3281.25;84.0;39.72
3281.97;87.0;39.71
3282.68;75.0;39.75
3283.41;87.0;39.71
3284.25;87.0;39.71
3284.97;78.0;39.74
3285.69;78.0;39.74
3286.41;84.0;39.72
3287.25;87.0;39.71
3287.96;84.0;39.72
3288.68;84.0;39.72
3289.4;75.0;39.75
3290.25;87.0;39.71
3290.97;78.0;39.74
3291.68;78.0;39.74
3292.4;84.0;39.72
3293.25;78.0;39.74
3293.96;78.0;39.74
3294.68;78.0;39.74
3295.4;84.0;39.72
3296.25;87.0;39.71
3296.96;78.0;39.74
3297.68;78.0;39.74
3298.4;84.0;39.72
3299.25;75.0;39.75
3299.96;84.0;39.72
3300.69;78.0;39.74
3301.41;87.0;39.71
3302.25;84.0;39.72
3302.96;78.0;39.74
3303.68;84.0;39.72
3304.4;78.0;39.74
3305.25;75.0;39.75
3305.96;84.0;39.72
3306.68;75.0;39.75
3307.4;78.0;39.74
3308.24;78.0;39.74
3308.96;84.0;39.72
3309.68;75.0;39.75
3310.4;84.0;39.72
3311.24;78.0;39.74
3311.96;78.0;39.74
3312.68;75.0;39.75
3313.4;78.0;39.74
3314.25;75.0;39.75
3314.96;75.0;39.75
3315.68;75.0;39.75
3316.4;75.0;39.75
3317.24;78.0;39.74
3317.96;78.0;39.74
3318.68;69.0;39.77
3319.4;75.0;39.75
3320.24;78.0;39.74
3320.96;75.0;39.75
3321.68;69.0;39.77
3322.4;75.0;39.75
3323.24;75.0;39.75
3323.96;69.0;39.77
3324.68;84.0;39.72
3325.4;78.0;39.74
3326.24;69.0;39.77
3326.96;75.0;39.75
