0.22;7876.3;25.42;+24.4
1.21;7889.77;25.42;+24.5
2.21;7908.67;25.41;+24.5
3.21;7916.76;25.42;+24.5
4.21;7930.26;25.42;+24.5
5.21;7932.93;25.44;+24.5
6.21;7957.2;25.42;+24.5
7.21;7976.1;25.41;+24.5
8.21;7989.6;25.41;+24.5
9.21;8003.11;25.41;+24.5
10.21;8016.62;25.41;+24.5
11.21;8030.12;25.41;+24.5
12.21;8043.62;25.41;+24.5
13.21;8062.52;25.4;+24.5
14.21;8065.21;25.42;+24.5
15.21;8078.72;25.42;+24.5
16.21;8092.22;25.42;+24.5
17.21;8094.89;25.44;+24.5
18.21;8124.59;25.41;+24.5
19.21;8132.68;25.42;+24.5
20.21;8146.17;25.42;+24.5
21.21;8165.06;25.41;+24.5
22.21;8173.15;25.42;+24.5
23.21;8192.05;25.41;+24.5
24.2;8205.55;25.41;+24.5
25.2;8213.64;25.42;+24.5
26.21;8232.56;25.41;+24.5
27.21;8251.48;25.4;+24.5
28.2;8254.17;25.42;+24.5
29.2;8278.46;25.4;+24.5
30.2;8286.56;25.41;+24.5
31.2;8305.5;25.4;+24.5
32.21;8308.22;25.42;+24.5
33.21;8327.12;25.41;+24.5
34.2;8340.6;25.41;+24.5
35.2;8348.67;25.42;+24.5
36.2;8362.15;25.42;+24.5
37.2;8375.64;25.42;+24.5
38.2;8410.77;25.38;+24.5
39.2;8402.64;25.42;+24.5
40.2;8405.31;25.44;+24.5
41.2;8440.42;25.4;+24.5
42.2;8443.12;25.42;+24.5
43.2;8445.8;25.44;+24.5
44.2;8459.27;25.44;+24.5
45.19;8472.73;25.44;+24.5
46.19;8507.82;25.4;+24.5
47.19;8510.52;25.42;+24.5
48.19;8529.44;25.41;+24.5
49.2;8548.38;25.4;+24.5
50.2;8556.49;25.41;+24.5
51.2;8564.58;25.42;+24.5
52.2;8578.07;25.42;+24.5
53.19;8580.73;25.44;+24.5
54.19;8605.02;25.42;+24.5
55.19;8618.53;25.42;+24.5
56.2;8632.04;25.42;+24.5
57.2;8645.54;25.42;+24.5
58.2;8659.04;25.42;+24.5
59.2;8677.96;25.41;+24.5
60.2;8675.23;25.44;+24.5
61.2;8704.93;25.41;+24.5
62.2;8718.48;25.41;+24.5
63.2;8715.79;25.44;+24.5
64.21;8729.42;25.44;+24.6
65.22;8737.53;25.45;+24.6
66.22;8767.23;25.42;+24.5
67.22;8780.74;25.42;+24.5
68.22;8794.25;25.42;+24.5
69.22;8807.75;25.42;+24.6
70.22;8810.5;25.44;+24.6
71.22;8834.81;25.42;+24.5
72.23;8837.5;25.44;+24.6
73.23;8851.02;25.44;+24.5
74.23;8859.13;25.45;+24.5
75.23;8872.61;25.45;+24.6
76.23;8891.48;25.44;+24.6
77.23;8904.95;25.44;+24.6
78.23;8902.21;25.47;+24.5
79.23;8931.9;25.44;+24.6
80.23;8945.39;25.44;+24.6
81.23;8969.67;25.42;+24.5
82.23;8966.91;25.45;+24.6
83.23;8980.36;25.45;+24.6
84.23;8993.8;25.45;+24.6
85.23;9012.66;25.44;+24.5
86.22;9009.91;25.47;+24.6
87.22;9017.94;25.48;+24.6
88.23;9047.62;25.45;+24.6
89.22;9050.26;25.47;+24.5
90.22;9063.71;25.47;+24.5
91.22;9071.74;25.48;+24.5
92.22;9079.76;25.49;+24.6
93.22;9098.6;25.48;+24.5
94.22;9095.83;25.51;+24.6
95.22;9120.05;25.49;+24.6
96.22;9122.65;25.51;+24.6
97.22;9136.04;25.51;+24.6
98.22;9144.02;25.52;+24.5
99.22;9162.83;25.51;+24.5
100.22;9170.84;25.52;+24.5
101.22;9189.65;25.51;+24.6
102.22;9186.82;25.54;+24.5
103.22;9216.43;25.51;+24.6
104.22;9224.42;25.52;+24.6
105.22;9237.84;25.52;+24.6
106.22;9240.42;25.54;+24.6
107.22;9237.58;25.57;+24.6
108.22;9261.77;25.55;+24.6
109.22;9258.92;25.58;+24.6
110.22;9277.71;25.57;+24.6
111.22;9301.93;25.55;+24.6
112.23;9299.18;25.58;+24.6
113.23;9318.0;25.57;+24.6
114.23;9331.35;25.57;+24.6
115.24;9344.72;25.57;+24.6
116.24;9352.68;25.58;+24.6
117.24;9355.21;25.6;+24.6
118.24;9395.58;25.55;+24.6
119.24;9414.36;25.54;+24.6
120.23;9411.49;25.57;+24.6
121.23;9424.85;25.57;+24.6
122.23;9438.23;25.57;+24.6
123.24;9462.42;25.55;+24.6
124.24;9481.21;25.54;+24.6
125.24;9510.83;25.51;+24.5
126.24;9491.8;25.57;+24.6
127.24;9505.17;25.57;+24.6
128.24;9529.41;25.55;+24.6
129.25;9548.22;25.54;+24.7
130.25;9561.66;25.54;+24.6
131.25;9575.06;25.54;+24.6
132.25;9588.43;25.54;+24.5
133.25;9596.42;25.55;+24.6
134.25;9609.81;25.55;+24.6
135.25;9628.6;25.54;+24.6
136.25;9642.0;25.54;+24.6
137.25;9655.39;25.54;+24.6
138.25;9663.37;25.55;+24.7
139.25;9682.17;25.54;+24.6
140.26;9706.39;25.52;+24.7
141.25;9719.79;25.52;+24.7
142.26;9722.38;25.54;+24.7
143.26;9752.0;25.51;+24.6
144.26;9765.41;25.51;+24.6
145.25;9762.58;25.54;+24.7
146.25;9770.55;25.55;+24.6
147.25;9789.33;25.54;+24.6
148.26;9797.33;25.55;+24.6
149.26;9799.9;25.57;+24.7
150.26;9813.26;25.57;+24.6
151.26;9826.6;25.57;+24.6
152.25;9839.96;25.57;+24.6
153.26;9837.11;25.6;+24.7
154.26;9866.68;25.57;+24.6
155.26;9858.5;25.61;+24.6
156.27;9877.28;25.6;+24.7
157.27;9890.69;25.6;+24.7
158.27;9893.2;25.62;+24.7
159.27;9911.9;25.61;+24.7
160.27;9919.82;25.62;+24.7
161.27;9938.54;25.61;+24.6
162.27;9935.65;25.64;+24.7
163.28;9948.95;25.64;+24.7
164.28;9951.43;25.66;+24.7
165.28;9991.76;25.61;+24.7
166.28;9983.45;25.65;+24.7
167.28;9991.32;25.66;+24.8
168.28;9993.78;25.68;+24.7
169.28;10017.85;25.66;+24.7
170.28;10031.12;25.66;+24.8
171.28;10028.16;25.69;+24.7
172.28;10041.41;25.69;+24.8
173.28;10054.66;25.69;+24.7
174.28;10067.92;25.69;+24.8
175.28;10070.35;25.71;+24.6
176.28;10094.39;25.69;+24.7
177.28;10091.42;25.72;+24.7
178.28;10110.06;25.71;+24.8
179.28;10123.3;25.71;+24.7
180.28;10136.53;25.71;+24.7
181.28;10138.94;25.73;+24.8
182.28;10152.14;25.73;+24.7
183.28;10170.76;25.72;+24.8
184.28;10167.74;25.75;+24.8
185.28;10180.93;25.75;+24.7
186.28;10204.93;25.73;+24.8
187.28;10191.1;25.78;+24.8
188.28;10220.48;25.75;+24.8
189.28;10212.02;25.79;+24.8
190.28;10241.4;25.76;+24.8
191.28;10238.38;25.79;+24.8
192.28;10267.83;25.76;+24.8
193.28;10253.98;25.81;+24.8
194.28;10267.12;25.81;+24.8
195.28;10291.08;25.79;+24.8
196.28;10293.42;25.81;+24.7
197.28;10317.38;25.79;+24.8
198.28;10298.07;25.85;+24.9
199.28;10327.4;25.82;+24.8
200.28;10335.12;25.83;+24.8
201.28;10353.64;25.82;+24.8
202.28;10361.35;25.83;+24.8
203.28;10374.46;25.83;+24.8
204.28;10376.76;25.85;+24.8
205.28;10389.87;25.85;+24.9
206.28;10386.73;25.88;+24.8
207.28;10410.64;25.86;+24.8
208.28;10423.72;25.86;+24.8
209.29;10426.02;25.88;+24.8
210.29;10439.14;25.88;+24.8
211.29;10452.28;25.88;+24.9
212.3;10476.22;25.86;+24.9
213.3;10478.54;25.88;+24.9
214.31;10480.85;25.9;+24.9
215.31;10493.94;25.9;+24.9
216.31;10496.23;25.92;+24.9
217.32;10525.54;25.89;+24.9
218.32;10506.21;25.95;+24.9
219.33;10519.27;25.95;+24.9
220.33;10548.58;25.92;+24.9
221.34;10545.43;25.95;+24.9
222.34;10553.08;25.96;+24.9
223.34;10571.54;25.95;+24.9
224.35;10579.19;25.96;+24.9
225.35;10608.47;25.93;+24.9
226.36;10610.73;25.95;+24.9
227.36;10612.97;25.97;+24.9
228.37;10626.02;25.97;+24.9
229.37;10628.24;25.99;+24.9
230.37;10657.49;25.96;+24.9
231.38;10654.31;25.99;+24.9
232.38;10683.57;25.96;+24.9
233.39;10680.39;25.99;+24.9
234.39;10688.01;26.0;+24.9
235.39;10701.02;26.0;+24.9
236.4;10714.04;26.0;+24.9
237.4;10727.05;26.0;+24.9
238.41;10723.84;26.03;+24.9
239.41;10736.82;26.03;+24.9
240.42;10760.63;26.01;+24.9
241.42;10762.81;26.03;+24.9
242.42;10775.8;26.03;+24.9
243.43;10772.56;26.06;+24.9
244.43;10796.34;26.04;+24.9
245.44;10793.08;26.07;+25.0
246.44;10811.44;26.06;+24.9
247.44;10835.22;26.04;+24.9
248.45;10837.38;26.06;+24.9
249.45;10834.11;26.09;+24.9
250.46;10857.86;26.07;+25.0
251.46;10870.81;26.07;+24.9
252.47;10889.17;26.06;+24.9
253.47;10896.71;26.07;+24.9
254.47;10893.44;26.1;+24.9
255.48;10900.95;26.11;+24.9
256.48;10919.27;26.1;+25.0
257.49;10915.97;26.13;+24.9
258.49;10939.66;26.11;+24.9
259.49;10936.35;26.14;+24.9
260.5;10949.25;26.14;+24.9
261.5;10978.36;26.11;+24.9
262.51;10975.04;26.14;+24.9
263.51;10971.7;26.17;+25.0
264.52;10984.55;26.17;+25.0
265.52;11002.82;26.16;+25.0
266.52;11010.28;26.17;+25.0
267.53;11012.31;26.19;+25.0
268.53;11035.97;26.17;+25.1
269.54;11038.01;26.19;+25.0
270.54;11045.43;26.2;+25.0
271.55;11063.67;26.19;+25.0
272.55;11065.69;26.21;+25.0
273.55;11078.51;26.21;+25.1
274.56;11080.49;26.23;+25.0
275.56;11087.9;26.24;+25.0
276.57;11106.1;26.23;+25.0
277.57;11118.9;26.23;+25.1
278.57;11131.7;26.23;+25.0
279.58;11139.08;26.24;+25.0
280.58;11141.05;26.26;+25.0
281.59;11143.0;26.28;+25.1
282.59;11166.57;26.26;+25.2
283.59;11173.93;26.27;+25.1
284.6;11181.29;26.28;+25.1
285.6;11215.68;26.24;+25.1
286.61;11206.83;26.28;+25.1
287.61;11219.58;26.28;+25.1
288.61;11216.11;26.31;+25.1
289.62;11228.85;26.31;+25.1
290.62;11241.56;26.31;+25.2
291.63;11232.65;26.35;+25.1
292.63;11272.39;26.3;+25.2
293.64;11268.9;26.33;+25.2
294.64;11276.2;26.34;+25.1
295.64;11305.12;26.31;+25.2
296.65;11296.21;26.35;+25.2
297.65;11308.9;26.35;+25.2
298.66;11321.59;26.35;+25.2
299.66;11334.27;26.35;+25.3
300.66;11330.73;26.38;+25.2
301.67;11348.8;26.37;+25.3
302.67;11356.07;26.38;+25.2
303.68;11357.9;26.4;+25.2
304.68;11381.36;26.38;+25.2
305.69;11383.21;26.4;+25.3
306.69;11395.85;26.4;+25.3
307.69;11403.06;26.41;+25.3
308.7;11399.47;26.44;+25.2
309.7;11428.3;26.41;+25.3
310.7;11424.71;26.44;+25.3
311.71;11448.14;26.42;+25.3
312.71;11444.52;26.45;+25.3
313.72;11440.9;26.48;+25.3
314.72;11458.88;26.47;+25.3
315.73;11471.46;26.47;+25.3
316.73;11484.03;26.47;+25.3
317.73;11507.43;26.45;+25.3
318.74;11492.98;26.5;+25.3
319.74;11505.53;26.5;+25.3
320.75;11518.07;26.5;+25.3
321.75;11525.21;26.51;+25.3
322.76;11532.34;26.52;+25.3
323.76;11550.28;26.51;+25.3
324.76;11557.4;26.52;+25.3
325.77;11559.12;26.54;+25.3
326.77;11571.63;26.54;+25.3
327.77;11578.72;26.55;+25.3
328.78;11585.82;26.56;+25.3
329.78;11609.13;26.54;+25.3
330.79;11616.23;26.55;+25.4
331.79;11623.32;26.56;+25.4
332.79;11624.99;26.58;+25.4
333.8;11653.7;26.55;+25.4
334.8;11644.58;26.59;+25.3
335.81;11657.05;26.59;+25.4
336.81;11653.29;26.62;+25.4
337.82;11671.17;26.61;+25.4
338.82;11678.16;26.62;+25.4
339.82;11690.6;26.62;+25.4
340.83;11686.81;26.65;+25.4
341.83;11710.03;26.63;+25.4
342.84;11706.22;26.66;+25.4
343.84;11718.62;26.66;+25.4
344.84;11714.79;26.69;+25.4
345.85;11743.39;26.66;+25.4
346.85;11739.58;26.69;+25.5
347.86;11751.99;26.69;+25.4
348.87;11764.39;26.69;+25.5
349.87;11771.39;26.7;+25.6
350.88;11772.91;26.72;+25.5
351.88;11796.02;26.7;+25.5
352.88;11792.12;26.73;+25.5
353.88;11809.85;26.72;+25.6
354.89;11816.79;26.73;+25.6
355.89;11812.89;26.76;+25.6
356.89;11841.43;26.73;+25.6
357.9;11826.73;26.78;+25.5
358.9;11849.84;26.76;+25.6
359.91;11862.13;26.76;+25.6
360.91;11863.61;26.78;+25.6
361.91;11870.51;26.79;+25.6
362.92;11871.97;26.81;+25.6
363.92;11884.21;26.81;+25.6
364.93;11885.68;26.83;+25.6
365.93;11903.33;26.82;+25.6
366.93;11910.16;26.83;+25.6
367.94;11927.81;26.82;+25.6
368.94;11934.64;26.83;+25.7
369.95;11946.89;26.83;+25.7
370.95;11948.31;26.85;+25.6
371.96;11955.13;26.86;+25.7
372.96;11967.34;26.86;+25.7
373.96;11974.15;26.87;+25.7
374.97;11970.12;26.9;+25.7
375.97;11982.29;26.9;+25.7
376.97;11999.87;26.89;+25.7
377.98;11995.83;26.92;+25.7
378.98;12007.99;26.92;+25.7
379.99;12014.73;26.93;+25.7
380.99;12021.47;26.94;+25.7
381.99;12033.61;26.94;+25.7
383.0;12034.93;26.96;+25.8
384.0;12047.07;26.96;+25.7
385.01;12069.99;26.94;+25.7
386.01;12071.32;26.96;+25.8
387.02;12067.21;26.99;+25.8
388.02;12090.12;26.97;+25.7
389.02;12102.23;26.97;+25.8
390.03;12098.12;27.0;+25.7
391.03;12099.38;27.02;+25.8
392.04;12106.04;27.03;+25.7
393.04;12123.5;27.02;+25.8
394.04;12124.75;27.04;+25.8
395.05;12142.19;27.03;+25.9
396.05;12148.85;27.04;+25.9
397.06;12160.89;27.04;+25.8
398.06;12172.94;27.04;+25.8
399.06;12168.76;27.07;+25.8
400.07;12186.18;27.06;+25.9
401.07;12176.57;27.1;+25.9
402.08;12204.78;27.07;+25.9
403.08;12200.56;27.1;+25.9
404.08;12212.56;27.1;+25.9
405.09;12208.32;27.13;+25.9
406.09;12231.1;27.11;+25.9
407.1;12243.09;27.11;+25.9
408.1;12238.85;27.14;+26.0
409.11;12256.22;27.13;+25.9
410.11;12257.34;27.15;+25.9
411.11;12258.48;27.17;+25.9
412.12;12270.4;27.17;+26.0
413.12;12266.1;27.2;+26.0
414.12;12278.0;27.2;+26.0
415.13;12289.89;27.2;+26.0
416.13;12312.6;27.18;+26.0
417.14;12308.3;27.21;+26.0
418.14;12320.18;27.21;+26.1
419.14;12326.66;27.22;+26.0
420.15;12338.54;27.22;+26.0
421.15;12339.6;27.24;+26.1
422.16;12362.28;27.22;+26.1
423.16;12357.93;27.25;+26.1
424.17;12358.96;27.27;+26.1
425.17;12370.79;27.27;+26.1
426.17;12377.22;27.28;+26.1
427.18;12383.62;27.29;+26.1
428.18;12384.62;27.31;+26.1
429.19;12391.01;27.32;+26.1
430.19;12419.01;27.29;+26.1
431.19;12430.84;27.29;+26.1
432.2;12426.42;27.32;+26.1
433.2;12421.97;27.35;+26.1
434.21;12455.37;27.31;+26.1
435.21;12461.76;27.32;+26.1
436.21;12457.32;27.35;+26.1
437.22;12469.07;27.35;+26.1
438.22;12470.01;27.37;+26.2
439.23;12481.75;27.37;+26.2
440.23;12471.85;27.41;+26.2
441.23;12483.54;27.41;+26.2
442.24;12489.85;27.42;+26.2
443.24;12501.53;27.42;+26.3
444.25;12502.41;27.44;+26.2
445.25;12514.08;27.44;+26.2
446.25;12525.76;27.44;+26.2
447.26;12526.61;27.46;+26.2
448.26;12543.68;27.45;+26.2
449.27;12549.93;27.46;+26.3
450.27;12550.77;27.48;+26.3
451.27;12562.4;27.48;+26.3
452.28;12568.62;27.49;+26.3
453.28;12569.43;27.51;+26.3
454.28;12581.04;27.51;+26.3
455.29;12587.24;27.52;+26.3
456.29;12598.83;27.52;+26.4
457.3;12594.22;27.55;+26.3
458.3;12600.38;27.56;+26.4
459.31;12611.94;27.56;+26.4
460.31;12623.5;27.56;+26.4
461.31;12624.24;27.58;+26.4
462.32;12646.61;27.56;+26.4
463.32;12658.17;27.56;+26.5
464.32;12653.48;27.59;+26.4
465.33;12665.02;27.59;+26.4
466.33;12665.75;27.61;+26.5
467.34;12677.26;27.61;+26.5
468.34;12683.37;27.62;+26.5
469.35;12689.47;27.63;+26.5
470.35;12700.96;27.63;+26.5
471.35;12701.64;27.65;+26.5
472.36;12713.1;27.65;+26.5
473.36;12719.17;27.66;+26.5
474.36;12730.63;27.66;+26.5
475.37;12720.47;27.7;+26.5
476.37;12731.92;27.7;+26.5
477.38;12743.35;27.7;+26.5
478.38;12754.77;27.7;+26.5
479.38;12749.99;27.73;+26.5
480.39;12766.8;27.72;+26.6
481.39;12778.21;27.72;+26.6
482.4;12767.98;27.76;+26.5
483.4;12763.14;27.79;+26.6
484.4;12785.28;27.77;+26.6
485.41;12796.65;27.77;+26.6
486.41;12797.2;27.79;+26.6
487.42;12797.73;27.81;+26.6
488.42;12819.87;27.79;+26.6
489.42;12820.4;27.81;+26.7
490.43;12820.91;27.83;+26.6
491.43;12843.06;27.81;+26.6
492.43;12838.14;27.84;+26.7
493.44;12849.45;27.84;+26.7
494.44;12866.16;27.83;+26.7
495.45;12855.83;27.87;+26.7
496.45;12872.51;27.86;+26.7
497.46;12862.18;27.9;+26.8
498.46;12873.45;27.9;+26.7
499.47;12879.3;27.91;+26.8
500.47;12890.5;27.91;+26.8
501.47;12907.12;27.9;+26.8
502.47;12912.96;27.91;+26.8
503.48;12907.97;27.94;+26.9
504.48;12919.18;27.94;+26.8
505.49;12919.56;27.96;+26.9
506.49;12930.75;27.96;+26.9
507.49;12941.95;27.96;+26.9
508.5;12953.12;27.96;+26.9
509.5;12958.91;27.97;+26.9
510.51;12970.09;27.97;+26.9
511.51;12970.45;27.99;+26.9
512.51;12981.61;27.99;+26.9
513.52;12992.78;27.99;+26.9
514.52;12993.12;28.01;+26.9
515.52;13004.26;28.01;+26.9
516.53;13004.58;28.03;+27.0
517.53;13015.7;28.03;+26.9
518.54;13037.64;28.01;+26.9
519.54;13037.99;28.03;+27.0
520.55;13049.11;28.03;+27.0
521.55;13071.05;28.01;+27.0
522.55;13071.37;28.03;+26.9
523.56;13066.27;28.06;+27.1
524.56;13077.35;28.06;+27.1
525.56;13088.46;28.06;+27.1
526.57;13094.14;28.07;+27.1
527.57;13110.63;28.06;+27.1
528.58;13116.31;28.07;+27.1
529.58;13127.4;28.07;+27.1
530.58;13122.26;28.1;+27.2
531.59;13149.55;28.07;+27.3
532.59;13155.23;28.08;+27.1
533.6;13155.49;28.1;+27.2
534.6;13161.14;28.11;+27.2
535.6;13177.6;28.1;+27.3
536.61;13183.25;28.11;+27.3
537.61;13194.3;28.11;+27.3
538.61;13189.12;28.14;+27.3
539.62;13200.14;28.14;+27.3
540.62;13211.15;28.14;+27.3
541.63;13216.77;28.15;+27.3
542.63;13227.78;28.15;+27.4
543.63;13238.8;28.15;+27.3
544.64;13233.58;28.18;+27.3
545.64;13244.56;28.18;+27.4
546.65;13260.95;28.17;+27.4
547.65;13271.95;28.17;+27.4
548.65;13261.31;28.21;+27.4
549.66;13261.44;28.23;+27.4
550.66;13272.38;28.23;+27.4
551.66;13277.91;28.24;+27.5
552.67;13294.23;28.23;+27.5
553.67;13294.35;28.25;+27.5
554.68;13305.28;28.25;+27.5
555.68;13299.98;28.28;+27.5
556.68;13310.85;28.28;+27.5
557.69;13321.74;28.28;+27.5
558.69;13338.04;28.27;+27.5
559.69;13332.72;28.3;+27.6
560.7;13343.59;28.3;+27.6
561.7;13349.05;28.31;+27.7
562.71;13354.5;28.32;+27.7
563.71;13365.36;28.32;+27.7
564.71;13376.22;28.32;+27.7
565.72;13370.85;28.35;+27.7
566.72;13376.26;28.36;+27.7
567.72;13376.25;28.38;+27.7
568.73;13397.86;28.36;+27.7
569.73;13408.69;28.36;+27.7
570.74;13408.68;28.38;+27.8
571.74;13414.07;28.39;+27.8
572.74;13408.63;28.42;+27.7
573.75;13424.79;28.41;+27.8
574.75;13430.17;28.42;+27.8
575.76;13440.94;28.42;+27.9
576.76;13446.26;28.43;+27.8
577.76;13440.79;28.46;+27.9
578.77;13440.69;28.48;+27.9
579.77;13451.4;28.48;+28.0
580.77;13462.11;28.48;+27.9
581.78;13467.41;28.49;+27.9
582.78;13472.69;28.5;+28.0
583.79;13472.56;28.52;+28.1
584.79;13477.81;28.53;+28.1
585.79;13488.48;28.53;+28.0
586.8;13482.9;28.56;+28.1
587.8;13493.53;28.56;+28.1
588.8;13487.94;28.59;+28.1
589.81;13498.54;28.59;+28.1
590.81;13514.54;28.58;+28.1
591.81;13525.15;28.58;+28.2
592.82;13524.96;28.6;+28.2
593.82;13524.73;28.62;+28.2
594.83;13535.3;28.62;+28.2
595.83;13540.45;28.63;+28.2
596.83;13551.02;28.63;+28.3
597.84;13539.94;28.67;+28.3
598.84;13561.29;28.65;+28.2
599.84;13561.02;28.67;+28.3
600.85;13571.54;28.67;+28.3
601.85;13555.02;28.72;+28.4
602.86;13581.74;28.69;+28.4
603.86;13576.02;28.72;+28.4
604.86;13581.08;28.73;+28.3
605.87;13575.32;28.76;+28.5
606.87;13585.77;28.76;+28.5
607.87;13596.23;28.76;+28.5
608.88;13601.26;28.77;+28.4
609.88;13600.87;28.79;+28.5
610.88;13611.29;28.79;+28.5
611.89;13616.29;28.8;+28.5
612.89;13626.7;28.8;+28.5
613.9;13626.29;28.82;+28.5
614.9;13625.85;28.84;+28.6
615.9;13636.22;28.84;+28.5
616.91;13630.36;28.87;+28.6
617.91;13640.71;28.87;+28.6
618.91;13640.23;28.89;+28.7
619.92;13645.14;28.9;+28.7
620.92;13650.04;28.91;+28.6
621.92;13649.52;28.93;+28.7
622.93;13659.81;28.93;+28.7
623.93;13659.28;28.95;+28.8
624.94;13674.96;28.94;+28.8
625.94;13669.01;28.97;+28.8
626.94;13673.83;28.98;+28.8
627.95;13667.85;29.01;+28.8
628.95;13683.47;29.0;+28.8
629.95;13693.69;29.0;+28.9
630.96;13698.5;29.01;+28.9
631.96;13703.3;29.02;+28.9
632.96;13697.27;29.05;+28.9
633.97;13712.86;29.04;+28.9
634.97;13701.4;29.08;+28.9
635.98;13716.95;29.07;+29.0
636.98;13727.1;29.07;+28.9
637.98;13721.02;29.1;+29.1
638.98;13720.33;29.12;+28.9
639.99;13719.62;29.14;+29.0
640.99;13729.73;29.14;+29.1
642.0;13734.41;29.15;+29.1
643.0;13744.48;29.15;+29.1
644.0;13743.73;29.17;+29.1
645.01;13742.97;29.19;+29.1
646.01;13742.2;29.21;+29.2
647.02;13752.24;29.21;+29.3
648.02;13746.03;29.24;+29.2
649.02;13766.84;29.22;+29.3
650.03;13766.04;29.24;+29.3
651.03;13770.62;29.25;+29.2
652.03;13786.02;29.24;+29.3
653.03;13768.96;29.29;+29.3
654.04;13795.15;29.26;+29.3
655.04;13788.9;29.29;+29.3
656.05;13782.62;29.32;+29.3
657.05;13808.76;29.29;+29.3
658.05;13802.49;29.32;+29.4
659.06;13796.18;29.35;+29.4
660.06;13811.48;29.34;+29.4
661.06;13810.57;29.36;+29.5
662.07;13809.63;29.38;+29.5
663.07;13814.08;29.39;+29.5
664.07;13813.12;29.41;+29.5
665.08;13817.55;29.42;+29.6
666.08;13821.97;29.43;+29.6
667.08;13804.74;29.48;+29.6
668.09;13814.51;29.48;+29.6
669.09;13824.28;29.48;+29.6
670.09;13834.06;29.48;+29.7
671.1;13843.83;29.48;+29.6
672.1;13842.78;29.5;+29.6
673.1;13852.54;29.5;+29.6
674.11;13851.47;29.52;+29.7
675.11;13855.8;29.53;+29.7
676.11;13860.11;29.54;+29.7
677.12;13859.0;29.56;+29.8
678.12;13863.3;29.57;+29.8
679.13;13862.17;29.59;+29.8
680.13;13866.43;29.6;+29.8
681.13;13865.27;29.62;+29.9
682.14;13874.91;29.62;+29.8
683.14;13879.14;29.63;+29.9
684.14;13872.55;29.66;+29.9
685.15;13882.15;29.66;+29.9
686.15;13886.35;29.67;+29.9
687.15;13895.93;29.67;+30.0
688.15;13894.71;29.69;+30.0
689.16;13904.28;29.69;+30.0
690.16;13903.04;29.71;+30.0
691.16;13901.78;29.73;+30.0
692.17;13905.91;29.74;+30.1
693.17;13915.45;29.74;+30.1
694.18;13908.75;29.77;+30.0
695.18;13923.65;29.76;+30.1
696.18;13933.18;29.76;+30.1
697.18;13931.86;29.78;+30.2
698.19;13930.53;29.8;+30.2
699.19;13934.61;29.81;+30.2
700.2;13933.25;29.83;+30.2
701.2;13937.29;29.84;+30.2
702.2;13935.91;29.86;+30.2
703.21;13934.51;29.88;+30.2
704.21;13943.89;29.88;+30.3
705.21;13953.3;29.88;+30.3
706.22;13946.47;29.91;+30.4
707.22;13945.02;29.93;+30.3
708.22;13948.97;29.94;+30.4
709.22;13958.3;29.94;+30.4
710.23;13951.42;29.97;+30.4
711.23;13960.75;29.97;+30.4
712.24;13964.65;29.98;+30.4
713.24;13973.96;29.98;+30.4
714.24;13967.04;30.01;+30.4
715.25;13965.5;30.03;+30.5
716.25;13969.34;30.04;+30.5
717.25;13973.19;30.05;+30.5
718.26;13971.61;30.07;+30.5
719.26;13975.42;30.08;+30.5
720.26;13984.63;30.08;+30.6
721.27;13988.44;30.09;+30.7
722.27;13986.82;30.11;+30.6
723.27;13990.6;30.12;+30.7
724.27;13983.54;30.15;+30.7
725.28;13987.29;30.16;+30.8
726.28;13996.42;30.16;+30.7
727.28;14010.97;30.15;+30.8
728.29;14014.71;30.16;+30.8
729.29;14007.61;30.19;+30.8
730.29;14005.9;30.21;+30.8
731.3;14009.6;30.22;+30.8
732.3;14013.26;30.23;+30.8
733.3;14022.34;30.23;+30.9
734.31;14015.19;30.26;+30.9
735.31;14024.22;30.26;+30.8
736.31;14022.45;30.28;+30.9
737.32;14026.08;30.29;+30.9
738.32;14029.69;30.3;+31.0
739.32;14027.86;30.32;+31.0
740.32;14020.63;30.35;+31.0
741.33;14029.6;30.35;+31.0
742.33;14033.15;30.36;+31.0
743.34;14042.1;30.36;+31.1
744.34;14034.82;30.39;+31.1
745.34;14038.33;30.4;+31.1
746.34;14047.24;30.4;+31.1
747.35;14061.57;30.39;+31.1
748.35;14048.86;30.43;+31.1
749.35;14063.15;30.42;+31.1
750.36;14045.0;30.47;+31.2
751.36;14053.85;30.47;+31.2
752.36;14062.7;30.47;+31.2
753.37;14055.34;30.5;+31.2
754.38;14064.26;30.5;+31.3
755.38;14056.83;30.53;+31.3
756.38;14065.58;30.53;+31.3
757.38;14058.12;30.56;+31.4
758.38;14066.86;30.56;+31.4
759.38;14070.22;30.57;+31.4
760.39;14068.16;30.59;+31.4
761.39;14071.49;30.6;+31.4
762.39;14063.99;30.63;+31.4
763.4;14078.11;30.62;+31.5
764.4;14086.82;30.62;+31.5
765.4;14073.88;30.66;+31.5
766.41;14093.37;30.64;+31.5
767.41;14085.84;30.67;+31.5
768.41;14083.69;30.69;+31.5
769.42;14086.93;30.7;+31.5
770.42;14090.15;30.71;+31.6
771.42;14087.96;30.73;+31.6
772.43;14085.75;30.75;+31.6
773.43;14094.33;30.75;+31.6
774.43;14092.11;30.77;+31.7
775.44;14095.29;30.78;+31.7
776.44;14093.07;30.8;+31.7
777.45;14101.61;30.8;+31.8
778.45;14088.51;30.84;+31.7
779.45;14097.01;30.84;+31.8
780.45;14105.47;30.84;+31.8
781.45;14097.75;30.87;+31.8
782.46;14106.22;30.87;+31.9
783.46;14109.29;30.88;+31.8
784.46;14096.13;30.92;+31.9
785.47;14115.38;30.9;+31.9
786.47;14102.19;30.94;+31.9
787.47;14110.6;30.94;+31.9
788.47;14119.0;30.94;+31.9
789.48;14122.0;30.95;+31.9
790.48;14119.58;30.97;+31.9
791.48;14127.97;30.97;+31.9
792.48;14125.53;30.99;+32.0
793.49;14117.67;31.02;+31.9
794.49;14126.02;31.02;+32.0
795.49;14123.53;31.04;+32.1
796.5;14126.43;31.05;+32.1
797.5;14118.52;31.08;+32.1
798.5;14121.41;31.09;+32.1
799.51;14118.87;31.11;+32.1
800.51;14127.15;31.11;+32.2
801.52;14130.02;31.12;+32.2
802.52;14138.26;31.12;+32.2
803.52;14130.25;31.15;+32.2
804.52;14133.04;31.16;+32.2
805.52;14130.4;31.18;+32.2
806.52;14149.4;31.16;+32.2
807.53;14141.38;31.19;+32.2
808.53;14149.57;31.19;+32.3
809.54;14141.52;31.22;+32.2
810.54;14138.86;31.24;+32.3
811.54;14146.98;31.24;+32.4
812.54;14149.7;31.25;+32.3
813.54;14152.41;31.26;+32.4
814.55;14160.54;31.26;+32.4
815.55;14147.01;31.3;+32.4
816.55;14138.86;31.33;+32.4
817.56;14152.32;31.32;+32.5
818.56;14160.37;31.32;+32.5
819.56;14146.8;31.36;+32.6
820.57;14149.41;31.37;+32.6
821.57;14162.83;31.36;+32.6
822.57;14149.21;31.4;+32.6
823.57;14162.61;31.39;+32.6
824.58;14154.39;31.42;+32.6
825.58;14156.92;31.43;+32.6
826.58;14159.46;31.44;+32.7
827.58;14167.42;31.44;+32.6
828.59;14175.35;31.44;+32.6
829.59;14167.08;31.47;+32.7
830.59;14158.77;31.5;+32.7
831.6;14161.26;31.51;+32.7
832.6;14158.3;31.53;+32.8
833.6;14166.17;31.53;+32.8
834.6;14174.03;31.53;+32.8
835.61;14165.66;31.56;+32.8
836.61;14168.09;31.57;+32.8
837.61;14175.91;31.57;+32.8
838.61;14172.92;31.59;+32.9
839.62;14175.31;31.6;+32.9
840.62;14166.88;31.63;+32.9
841.62;14174.65;31.63;+32.9
842.62;14177.01;31.64;+32.9
843.63;14168.55;31.67;+32.9
844.63;14176.28;31.67;+32.9
845.63;14184.01;31.67;+32.9
846.64;14175.52;31.7;+33.0
847.64;14177.82;31.71;+33.0
848.64;14185.5;31.71;+33.0
849.64;14176.97;31.74;+33.1
850.65;14179.23;31.75;+33.0
851.65;14186.89;31.75;+33.1
852.65;14178.32;31.78;+33.0
853.65;14191.36;31.77;+33.1
854.66;14182.77;31.8;+33.2
855.66;14184.98;31.81;+33.2
856.67;14176.39;31.84;+33.1
857.67;14167.73;31.87;+33.2
858.67;14186.08;31.85;+33.2
859.67;14177.4;31.88;+33.3
860.67;14184.94;31.88;+33.3
861.69;14192.59;31.88;+33.3
862.69;14194.68;31.89;+33.3
863.69;14185.96;31.92;+33.3
864.69;14182.62;31.94;+33.3
865.69;14184.68;31.95;+33.4
866.69;14175.92;31.98;+33.3
867.69;14194.17;31.96;+33.3
868.7;14185.4;31.99;+33.4
869.7;14192.82;31.99;+33.3
870.7;14184.02;32.02;+33.4
871.7;14180.6;32.04;+33.5
872.7;14188.0;32.04;+33.5
873.71;14179.16;32.07;+33.5
874.71;14197.34;32.05;+33.5
875.71;14188.47;32.08;+33.5
876.71;14190.43;32.09;+33.6
877.72;14186.98;32.11;+33.6
878.73;14194.33;32.11;+33.6
879.73;14201.68;32.11;+33.6
880.74;14192.79;32.14;+33.6
881.74;14189.25;32.16;+33.6
882.74;14196.51;32.16;+33.6
883.74;14187.53;32.19;+33.6
884.74;14194.76;32.19;+33.6
885.74;14196.57;32.2;+33.8
886.74;14203.81;32.2;+33.7
887.74;14194.81;32.23;+33.8
888.74;14191.21;32.25;+33.8
889.75;14193.0;32.26;+33.8
890.75;14178.54;32.3;+33.8
891.75;14191.08;32.29;+33.8
892.75;14198.25;32.29;+33.9
893.76;14189.17;32.32;+33.9
894.76;14190.89;32.33;+33.8
895.76;14187.18;32.35;+33.9
896.76;14188.87;32.36;+34.0
897.76;14201.37;32.35;+34.0
898.77;14186.84;32.39;+33.9
899.77;14193.9;32.39;+34.0
900.77;14184.73;32.42;+34.0
901.77;14186.35;32.43;+34.0
902.78;14187.96;32.44;+34.0
903.78;14194.99;32.44;+34.0
904.79;14185.8;32.47;+34.0
905.79;14198.18;32.46;+34.0
906.79;14188.94;32.49;+34.1
907.79;14206.76;32.47;+34.1
908.79;14181.28;32.53;+34.1
