0.22;723.89;38.66;+43.4
1.22;725.13;38.66;+43.5
2.23;720.97;38.67;+43.4
3.23;716.8;38.68;+43.4
4.23;718.02;38.68;+43.5
5.23;708.43;38.7;+43.4
6.23;720.45;38.68;+43.4
7.23;721.67;38.68;+43.4
8.23;722.89;38.68;+43.4
9.23;724.11;38.68;+43.5
10.23;709.11;38.71;+43.4
11.23;715.71;38.7;+43.4
12.23;711.5;38.71;+43.5
13.23;712.7;38.71;+43.4
14.23;719.3;38.7;+43.5
15.24;698.87;38.74;+43.4
16.24;700.04;38.74;+43.5
17.24;717.44;38.71;+43.4
18.24;697.0;38.75;+43.5
19.24;698.15;38.75;+43.5
20.24;704.72;38.74;+43.5
21.24;711.29;38.73;+43.5
22.24;690.83;38.77;+43.5
23.24;702.78;38.75;+43.6
24.24;693.12;38.77;+43.5
25.24;715.9;38.73;+43.6
26.24;695.45;38.77;+43.5
27.25;696.59;38.77;+43.6
28.24;697.72;38.77;+43.5
29.24;698.86;38.77;+43.5
30.25;694.59;38.78;+43.6
31.25;695.72;38.78;+43.6
32.25;696.85;38.78;+43.6
33.25;692.57;38.79;+43.5
34.25;693.69;38.79;+43.6
35.24;700.22;38.78;+43.6
36.25;706.76;38.77;+43.6
37.25;697.09;38.79;+43.6
38.25;681.98;38.82;+43.6
39.25;688.48;38.81;+43.5
40.25;684.17;38.82;+43.6
41.25;674.45;38.84;+43.6
42.25;686.34;38.82;+43.6
43.25;671.2;38.85;+43.6
44.25;688.49;38.82;+43.6
45.25;678.77;38.84;+43.6
46.25;674.43;38.85;+43.6
47.25;691.72;38.82;+43.6
48.25;676.59;38.85;+43.6
49.25;683.06;38.84;+43.7
50.25;684.13;38.84;+43.7
51.25;674.39;38.86;+43.6
52.24;664.62;38.88;+43.6
53.24;676.48;38.86;+43.7
54.24;677.53;38.86;+43.7
55.24;678.59;38.86;+43.7
56.24;679.64;38.86;+43.7
57.25;680.7;38.86;+43.7
58.25;681.76;38.86;+43.7
59.25;661.18;38.9;+43.7
60.25;673.01;38.88;+43.7
61.25;657.82;38.91;+43.7
62.25;664.24;38.9;+43.7
63.25;659.85;38.91;+43.7
64.25;644.63;38.94;+43.7
65.25;661.84;38.91;+43.7
66.25;646.62;38.94;+43.7
67.25;658.42;38.92;+43.7
68.25;659.42;38.92;+43.7
69.25;649.6;38.94;+43.7
70.25;650.58;38.94;+43.7
71.25;646.16;38.95;+43.7
72.25;647.13;38.95;+43.7
73.25;648.1;38.95;+43.7
74.25;649.07;38.95;+43.7
75.25;655.45;38.94;+43.7
76.25;634.8;38.98;+43.7
77.24;651.97;38.95;+43.8
78.24;652.94;38.95;+43.8
79.24;637.68;38.98;+43.7
80.24;654.85;38.95;+43.7
81.24;639.59;38.98;+43.7
82.24;635.13;38.99;+43.8
83.24;625.24;39.01;+43.8
84.24;626.16;39.01;+43.7
85.23;627.07;39.01;+43.8
86.23;627.99;39.01;+43.8
87.23;623.49;39.02;+43.8
88.23;629.81;39.01;+43.7
89.23;630.72;39.01;+43.7
90.23;631.64;39.01;+43.8
91.23;627.15;39.02;+43.7
92.24;617.25;39.04;+43.7
93.24;628.95;39.02;+43.8
94.24;619.04;39.04;+43.7
95.24;614.52;39.05;+43.8
96.24;615.4;39.05;+43.8
97.24;632.51;39.02;+43.8
98.24;622.6;39.04;+43.8
99.24;612.67;39.06;+43.8
100.24;624.36;39.04;+43.8
101.24;625.24;39.04;+43.8
102.24;615.32;39.06;+43.9
103.24;605.37;39.08;+43.8
104.25;617.04;39.06;+43.8
105.25;607.1;39.08;+43.8
106.26;618.78;39.06;+43.8
107.26;608.83;39.08;+43.9
108.26;609.68;39.08;+43.8
109.26;605.12;39.09;+43.9
110.27;605.97;39.09;+43.8
111.27;601.41;39.1;+43.8
112.27;607.65;39.09;+43.9
113.27;608.49;39.09;+43.9
114.27;625.56;39.06;+43.8
115.27;610.21;39.09;+43.9
116.27;594.82;39.12;+43.9
117.27;595.64;39.12;+44.0
118.27;591.04;39.13;+43.9
119.27;608.08;39.1;+43.9
120.27;592.68;39.13;+43.9
121.27;609.71;39.1;+43.9
122.27;599.73;39.12;+43.9
123.28;584.32;39.15;+43.9
124.28;585.11;39.15;+44.0
125.28;596.71;39.13;+43.9
126.28;597.52;39.13;+43.9
127.28;587.51;39.15;+44.0
128.29;582.89;39.16;+44.0
129.3;583.67;39.16;+43.9
130.3;589.86;39.15;+44.0
131.3;585.24;39.16;+44.0
132.3;586.01;39.16;+44.0
133.3;586.79;39.16;+44.0
134.3;576.75;39.18;+44.0
135.3;572.1;39.19;+44.0
136.3;589.08;39.16;+43.9
137.3;589.86;39.16;+43.9
138.29;569.0;39.2;+44.0
139.29;580.55;39.18;+44.0
140.29;581.31;39.18;+44.0
141.29;576.66;39.19;+44.0
142.29;577.41;39.19;+44.0
143.29;572.75;39.2;+44.0
144.29;578.9;39.19;+44.0
145.29;574.24;39.2;+44.0
146.29;564.16;39.22;+44.0
147.3;575.71;39.2;+44.0
148.29;565.63;39.22;+44.0
149.29;566.35;39.22;+44.0
150.29;550.84;39.25;+44.0
151.29;562.36;39.23;+44.0
152.29;563.07;39.23;+44.0
153.3;563.78;39.23;+44.0
154.3;553.68;39.25;+44.0
155.3;554.37;39.25;+44.0
156.3;549.66;39.26;+44.0
157.29;555.75;39.25;+44.0
158.29;551.04;39.26;+44.0
159.29;546.31;39.27;+44.0
160.29;552.4;39.26;+44.0
161.29;553.08;39.26;+44.0
162.29;553.77;39.26;+44.0
163.29;554.45;39.26;+44.0
164.29;560.55;39.25;+44.1
165.3;550.43;39.27;+44.0
166.3;540.29;39.29;+44.0
167.3;551.76;39.27;+44.0
168.3;541.62;39.29;+44.0
169.3;542.28;39.29;+44.0
170.3;542.93;39.29;+44.1
171.3;543.59;39.29;+44.0
172.31;528.03;39.32;+44.0
173.31;528.66;39.32;+44.0
174.31;545.51;39.29;+44.1
175.31;540.76;39.3;+44.0
176.32;525.18;39.33;+44.1
177.32;531.21;39.32;+44.1
178.32;526.43;39.33;+44.1
179.32;543.28;39.3;+44.1
180.32;533.11;39.32;+44.0
181.31;544.56;39.3;+44.1
182.31;528.98;39.33;+44.0
183.31;535.01;39.32;+44.1
184.31;530.23;39.33;+44.1
185.31;514.62;39.36;+44.1
186.31;520.62;39.35;+44.1
187.31;521.22;39.35;+44.2
188.31;511.0;39.37;+44.0
189.31;517.0;39.36;+44.1
190.31;523.0;39.35;+44.2
191.31;518.19;39.36;+44.1
192.31;513.38;39.37;+44.1
193.31;513.96;39.37;+44.2
194.31;519.95;39.36;+44.1
195.32;515.14;39.37;+44.2
196.31;515.72;39.37;+44.2
197.33;505.49;39.39;+44.1
198.33;500.65;39.4;+44.1
199.33;501.2;39.4;+44.1
200.33;507.17;39.39;+44.2
201.34;507.73;39.39;+44.2
202.33;508.3;39.39;+44.2
203.34;508.87;39.39;+44.2
204.35;509.44;39.39;+44.2
205.35;520.82;39.37;+44.2
206.35;488.95;39.43;+44.2
207.35;511.11;39.39;+44.3
208.35;490.04;39.43;+44.2
209.35;485.16;39.44;+44.2
210.35;496.49;39.42;+44.2
211.35;491.62;39.43;+44.2
212.35;492.15;39.43;+44.2
213.35;498.09;39.42;+44.2
214.35;493.21;39.43;+44.2
215.35;493.74;39.43;+44.3
216.35;488.86;39.44;+44.2
217.34;489.38;39.44;+44.2
218.34;489.89;39.44;+44.2
219.34;479.59;39.46;+44.2
220.34;496.32;39.43;+44.2
221.35;496.85;39.43;+44.3
222.34;464.92;39.49;+44.3
223.34;492.44;39.44;+44.2
224.34;492.96;39.44;+44.3
225.34;477.25;39.47;+44.2
226.34;493.97;39.44;+44.2
227.34;483.66;39.46;+44.3
228.34;484.16;39.46;+44.3
229.34;479.25;39.47;+44.3
230.33;468.93;39.49;+44.2
231.34;469.4;39.49;+44.3
232.34;469.87;39.49;+44.2
233.34;470.34;39.49;+44.3
234.33;465.4;39.5;+44.3
235.33;471.28;39.49;+44.2
236.34;466.34;39.5;+44.3
237.34;461.39;39.51;+44.2
238.34;461.85;39.51;+44.4
239.34;462.3;39.51;+44.3
240.34;468.17;39.5;+44.3
241.34;463.22;39.51;+44.3
242.35;463.68;39.51;+44.3
243.35;464.13;39.51;+44.2
244.37;453.78;39.53;+44.3
245.37;448.8;39.54;+44.3
246.37;454.64;39.53;+44.3
247.37;455.07;39.53;+44.3
248.38;455.51;39.53;+44.3
249.38;450.54;39.54;+44.4
250.57;440.22;39.56;+44.4
251.57;440.63;39.56;+44.4
252.57;441.04;39.56;+44.3
253.58;441.45;39.56;+44.3
254.58;452.67;39.54;+44.4
255.58;436.87;39.57;+44.4
256.58;437.27;39.57;+44.4
257.58;437.67;39.57;+44.4
258.58;443.48;39.56;+44.4
259.58;438.47;39.57;+44.3
260.59;428.05;39.59;+44.4
261.59;428.43;39.59;+44.3
262.58;439.63;39.57;+44.4
263.58;429.21;39.59;+44.4
264.58;429.59;39.59;+44.4
265.58;424.56;39.6;+44.4
266.58;424.93;39.6;+44.4
267.59;419.89;39.61;+44.4
268.6;425.67;39.6;+44.4
269.6;420.63;39.61;+44.4
270.6;431.81;39.59;+44.4
271.6;421.37;39.61;+44.4
272.6;421.73;39.61;+44.4
273.61;411.28;39.63;+44.4
274.62;422.44;39.61;+44.4
275.62;411.99;39.63;+44.4
276.63;412.33;39.63;+44.4
277.64;407.27;39.64;+44.4
278.64;407.6;39.64;+44.4
279.65;402.53;39.65;+44.4
280.66;424.49;39.61;+44.4
281.66;414.03;39.63;+44.4
282.66;403.56;39.65;+44.4
283.66;403.88;39.65;+44.4
284.66;409.61;39.64;+44.4
285.65;404.54;39.65;+44.5
286.66;404.86;39.65;+44.4
287.65;405.19;39.65;+44.4
288.65;410.92;39.64;+44.4
289.65;389.61;39.68;+44.4
290.65;406.14;39.65;+44.4
291.65;395.64;39.67;+44.5
292.65;395.95;39.67;+44.4
293.65;396.26;39.67;+44.5
294.65;396.56;39.67;+44.4
295.65;391.46;39.68;+44.4
296.65;380.93;39.7;+44.4
297.65;392.03;39.68;+44.4
298.65;392.33;39.68;+44.4
299.65;381.8;39.7;+44.5
300.65;392.9;39.68;+44.4
301.65;393.2;39.68;+44.4
302.65;382.67;39.7;+44.5
303.65;382.95;39.7;+44.5
304.65;377.82;39.71;+44.5
305.65;378.09;39.71;+44.5
306.65;372.95;39.72;+44.5
307.65;384.02;39.7;+44.5
308.65;373.48;39.72;+44.5
309.65;373.74;39.72;+44.5
310.65;374.0;39.72;+44.5
311.65;363.44;39.74;+44.5
312.65;363.68;39.74;+44.5
313.65;374.74;39.72;+44.5
314.65;358.78;39.75;+44.5
315.65;364.42;39.74;+44.5
316.65;364.66;39.74;+44.5
317.65;375.72;39.72;+44.6
318.65;348.93;39.77;+44.5
319.65;376.19;39.72;+44.6
320.65;360.22;39.75;+44.5
321.65;349.63;39.77;+44.6
322.65;349.84;39.77;+44.5
323.65;344.65;39.78;+44.6
324.64;361.08;39.75;+44.5
325.64;345.08;39.78;+44.6
326.64;345.29;39.78;+44.5
327.64;345.49;39.78;+44.6
328.64;345.69;39.78;+44.6
329.65;340.49;39.79;+44.5
330.65;329.86;39.81;+44.6
331.65;340.86;39.79;+44.6
332.66;341.05;39.79;+44.6
333.65;330.43;39.81;+44.6
334.65;319.79;39.83;+44.6
335.65;330.76;39.81;+44.6
336.65;347.17;39.78;+44.6
337.65;341.96;39.79;+44.6
338.65;320.52;39.83;+44.7
339.65;331.49;39.81;+44.6
340.65;331.67;39.81;+44.6
341.65;331.85;39.81;+44.6
342.65;332.02;39.81;+44.7
343.65;321.38;39.83;+44.7
344.65;332.36;39.81;+44.7
345.65;316.3;39.84;+44.7
346.65;321.86;39.83;+44.7
347.65;311.2;39.85;+44.6
348.65;316.75;39.84;+44.6
349.65;295.26;39.88;+44.7
350.65;300.78;39.87;+44.7
351.65;300.9;39.87;+44.7
352.65;301.02;39.87;+44.7
353.65;301.14;39.87;+44.7
354.65;301.26;39.87;+44.7
355.65;317.61;39.84;+44.7
356.65;312.35;39.85;+44.7
357.65;301.67;39.87;+44.7
358.65;312.61;39.85;+44.7
359.65;296.52;39.88;+44.7
360.65;296.63;39.88;+44.7
361.65;285.92;39.9;+44.7
362.65;296.83;39.88;+44.7
363.65;296.94;39.88;+44.7
364.65;286.24;39.9;+44.7
365.64;297.15;39.88;+44.7
366.64;297.26;39.88;+44.7
367.64;286.55;39.9;+44.7
368.64;286.64;39.9;+44.7
369.64;281.33;39.91;+44.7
370.64;286.82;39.9;+44.7
371.64;281.5;39.91;+44.7
372.63;276.18;39.92;+44.7
373.63;297.89;39.88;+44.7
374.63;298.0;39.88;+44.7
375.64;281.88;39.91;+44.7
376.64;281.96;39.91;+44.7
377.64;276.64;39.92;+44.7
378.64;276.71;39.92;+44.7
379.65;265.97;39.94;+44.7
380.65;266.02;39.94;+44.7
381.64;260.67;39.95;+44.7
382.64;260.72;39.95;+44.8
383.64;260.76;39.95;+44.8
384.64;255.4;39.96;+44.7
385.64;260.85;39.95;+44.7
386.64;255.48;39.96;+44.7
387.64;255.52;39.96;+44.7
388.64;266.38;39.94;+44.8
389.64;244.79;39.98;+44.7
390.64;261.04;39.95;+44.7
391.64;244.86;39.98;+44.8
392.64;244.88;39.98;+44.8
393.64;255.71;39.96;+44.7
394.64;255.75;39.96;+44.8
395.64;244.97;39.98;+44.7
396.64;255.81;39.96;+44.8
397.64;245.03;39.98;+44.8
398.64;239.63;39.99;+44.8
399.64;239.64;39.99;+44.8
400.64;245.06;39.98;+44.8
401.64;228.85;40.01;+44.8
402.64;228.84;40.01;+44.8
403.64;239.65;39.99;+44.9
404.64;228.84;40.01;+44.9
405.64;239.65;39.99;+44.8
406.65;228.84;40.01;+44.9
407.66;223.43;40.02;+44.9
408.66;228.82;40.01;+44.9
409.66;239.63;39.99;+44.9
410.66;228.82;40.01;+44.9
411.66;223.4;40.02;+44.8
412.66;217.97;40.03;+44.9
413.66;217.94;40.03;+44.9
414.66;223.32;40.02;+44.9
415.66;217.9;40.03;+45.0
416.66;228.69;40.01;+44.9
417.67;217.86;40.03;+44.9
418.67;228.65;40.01;+45.0
419.67;207.0;40.05;+44.9
420.67;206.96;40.05;+44.9
421.66;217.73;40.03;+44.9
422.66;206.88;40.05;+44.9
423.66;201.43;40.06;+44.9
424.66;206.78;40.05;+44.9
425.66;206.73;40.05;+44.9
426.66;190.46;40.08;+44.9
427.66;201.2;40.06;+45.0
428.67;217.38;40.03;+44.9
429.67;190.3;40.08;+44.9
430.67;190.23;40.08;+45.0
431.67;200.97;40.06;+44.9
432.67;206.33;40.05;+44.9
433.66;200.87;40.06;+45.0
434.66;200.82;40.06;+45.0
435.66;184.53;40.09;+44.9
436.66;189.86;40.08;+45.0
437.67;189.78;40.08;+45.0
438.67;189.71;40.08;+45.0
439.67;168.0;40.12;+44.9
440.67;189.53;40.08;+45.0
441.67;167.81;40.12;+45.0
442.67;173.11;40.11;+45.0
443.66;183.83;40.09;+45.0
444.67;172.93;40.11;+45.0
445.67;172.83;40.11;+45.0
446.67;167.31;40.12;+45.0
447.67;172.61;40.11;+45.0
448.67;183.33;40.09;+45.0
449.66;183.25;40.09;+45.0
450.66;166.94;40.12;+45.0
451.66;172.23;40.11;+45.0
452.67;166.72;40.12;+45.0
453.67;166.61;40.12;+45.0
454.66;144.86;40.16;+45.0
455.67;166.35;40.12;+45.0
456.67;160.83;40.13;+45.0
457.67;149.89;40.15;+45.0
458.68;149.75;40.15;+45.0
459.68;149.61;40.15;+45.0
460.68;144.07;40.16;+45.0
461.68;149.33;40.15;+45.0
462.68;149.19;40.15;+45.0
463.68;149.05;40.15;+45.0
464.68;159.73;40.13;+45.0
465.68;159.61;40.13;+45.0
466.68;143.26;40.16;+45.0
467.68;132.29;40.18;+45.0
468.68;132.13;40.18;+45.0
469.68;126.55;40.19;+45.0
470.68;148.01;40.15;+45.1
471.68;147.87;40.15;+45.1
472.68;126.1;40.19;+45.1
473.68;120.51;40.2;+45.0
474.69;131.14;40.18;+45.1
475.69;125.57;40.19;+45.0
476.69;130.8;40.18;+45.0
477.69;119.82;40.2;+45.0
478.69;125.04;40.19;+45.1
479.69;119.45;40.2;+45.1
480.69;124.68;40.19;+45.0
481.69;108.27;40.22;+45.0
482.69;118.89;40.2;+45.1
483.69;107.89;40.22;+45.1
484.69;107.68;40.22;+45.1
485.69;107.48;40.22;+45.0
486.69;107.28;40.22;+45.1
487.69;117.89;40.2;+45.1
488.69;117.71;40.2;+45.1
489.69;117.52;40.2;+45.1
490.69;101.11;40.23;+45.1
491.69;106.3;40.22;+45.0
492.69;116.92;40.2;+45.1
493.69;100.51;40.23;+45.1
494.69;94.88;40.24;+45.1
495.69;105.48;40.22;+45.1
496.69;83.64;40.26;+45.1
497.69;94.22;40.24;+45.2
498.68;83.18;40.26;+45.1
499.68;99.16;40.23;+45.1
500.68;93.54;40.24;+45.1
501.68;104.14;40.22;+45.1
502.68;71.48;40.28;+45.1
503.69;71.22;40.28;+45.1
504.69;70.96;40.28;+45.1
505.69;81.52;40.26;+45.1
506.7;70.46;40.28;+45.2
507.7;81.02;40.26;+45.2
508.72;80.77;40.26;+45.1
509.72;69.71;40.28;+45.2
510.73;64.04;40.29;+45.2
511.73;58.36;40.3;+45.1
512.73;58.08;40.3;+45.1
513.73;57.81;40.3;+45.1
514.73;57.53;40.3;+45.2
515.73;62.66;40.29;+45.2
516.73;62.39;40.29;+45.3
517.73;67.53;40.28;+45.2
518.73;61.86;40.29;+45.2
519.73;56.19;40.3;+45.2
520.73;55.91;40.3;+45.2
521.73;61.04;40.29;+45.2
522.72;66.18;40.28;+45.2
523.72;55.11;40.3;+45.2
524.72;60.24;40.29;+45.2
525.72;54.56;40.3;+45.2
526.72;43.46;40.32;+45.2
527.72;37.76;40.33;+45.2
528.73;42.86;40.32;+45.3
529.73;37.15;40.33;+45.2
530.73;42.26;40.32;+45.2
531.73;41.96;40.32;+45.3
532.73;36.26;40.33;+45.2
533.73;41.36;40.32;+45.3
534.73;35.66;40.33;+45.3
535.72;24.53;40.35;+45.2
536.72;35.03;40.33;+45.3
537.72;34.72;40.33;+45.3
538.72;34.42;40.33;+45.3
539.72;50.34;40.3;+45.2
540.72;33.83;40.33;+45.3
541.73;33.53;40.33;+45.3
542.73;22.4;40.35;+45.3
543.74;22.07;40.35;+45.3
544.74;16.34;40.36;+45.3
545.74;21.42;40.35;+45.3
546.75;21.09;40.35;+45.3
547.75;15.36;40.36;+45.3
548.75;15.02;40.36;+45.3
549.75;9.28;40.37;+45.2
550.75;14.35;40.36;+45.3
551.75;8.61;40.37;+45.3
552.75;8.26;40.37;+45.3
553.75;13.33;40.36;+45.3
554.75;13.0;40.36;+45.3
555.75;12.66;40.36;+45.2
556.93;17.68;40.35;+45.3
557.93;-4.28;40.39;+45.3
558.93;6.18;40.37;+45.3
559.93;5.84;40.37;+45.3
560.93;-5.33;40.39;+45.3
561.93;10.54;40.36;+45.3
562.93;4.8;40.37;+45.3
563.93;4.46;40.37;+45.3
564.93;4.11;40.37;+45.3
565.92;-7.05;40.39;+45.3
566.92;-12.82;40.4;+45.3
567.92;3.04;40.37;+45.3
568.92;2.7;40.37;+45.3
569.92;-13.87;40.4;+45.3
570.93;-8.83;40.39;+45.3
571.93;-9.2;40.39;+45.3
572.93;-14.97;40.4;+45.3
573.93;-9.93;40.39;+45.3
574.93;0.53;40.37;+45.3
575.93;-16.04;40.4;+45.3
576.92;-11.0;40.39;+45.3
577.93;-16.77;40.4;+45.3
578.93;-27.96;40.42;+45.3
579.93;-12.12;40.39;+45.3
580.93;-1.67;40.37;+45.4
581.93;-29.05;40.42;+45.3
582.93;-18.62;40.4;+45.3
583.93;-13.58;40.39;+45.4
584.93;-35.58;40.43;+45.3
585.93;-19.75;40.4;+45.3
586.93;-20.12;40.4;+45.3
587.92;-15.08;40.39;+45.3
588.93;-15.44;40.39;+45.3
589.93;-15.81;40.39;+45.3
590.93;-5.35;40.37;+45.4
591.93;-21.92;40.4;+45.3
592.93;-16.88;40.39;+45.3
593.93;-22.65;40.4;+45.3
594.93;-23.02;40.4;+45.3
595.93;-23.39;40.4;+45.3
596.93;-18.35;40.39;+45.3
597.93;-34.94;40.42;+45.3
598.92;-19.1;40.39;+45.3
599.92;-24.87;40.4;+45.3
600.92;-25.24;40.4;+45.3
601.92;-20.2;40.39;+45.3
602.92;-9.74;40.37;+45.3
603.93;-26.31;40.4;+45.3
604.92;-26.68;40.4;+45.3
605.92;-5.42;40.36;+45.3
606.92;-11.16;40.37;+45.4
607.92;-27.73;40.4;+45.3
608.92;-22.69;40.39;+45.4
609.92;-23.05;40.39;+45.3
610.92;-28.82;40.4;+45.3
611.92;-12.96;40.37;+45.3
612.92;-13.3;40.37;+45.3
613.91;-29.87;40.4;+45.4
614.91;-14.02;40.37;+45.3
615.92;-14.36;40.37;+45.3
616.92;-30.93;40.4;+45.4
617.92;-15.07;40.37;+45.4
618.92;-31.64;40.4;+45.4
619.91;-26.6;40.39;+45.4
620.91;-16.15;40.37;+45.4
621.91;-27.31;40.39;+45.4
622.91;-16.85;40.37;+45.3
623.91;-28.01;40.39;+45.3
624.91;-28.37;40.39;+45.4
625.91;-17.91;40.37;+45.4
626.91;-29.07;40.39;+45.3
627.91;-34.84;40.4;+45.3
628.91;-29.8;40.39;+45.4
629.91;-19.35;40.37;+45.3
630.92;-19.69;40.37;+45.4
631.92;-20.03;40.37;+45.4
632.92;-20.38;40.37;+45.3
633.92;-20.72;40.37;+45.4
634.91;-21.06;40.37;+45.3
635.92;-32.22;40.39;+45.4
636.92;-16.36;40.36;+45.4
637.92;-32.92;40.39;+45.3
638.92;-22.46;40.37;+45.4
639.92;-22.8;40.37;+45.4
640.91;-17.74;40.36;+45.4
641.91;-18.07;40.36;+45.3
642.91;-18.4;40.36;+45.3
643.91;-13.32;40.35;+45.4
644.91;-19.06;40.36;+45.3
645.91;-24.8;40.37;+45.4
646.91;-35.96;40.39;+45.3
647.91;-20.1;40.36;+45.3
648.91;-20.43;40.36;+45.4
649.92;-20.76;40.36;+45.3
650.92;-21.1;40.36;+45.4
651.92;-21.43;40.36;+45.3
652.92;-21.76;40.36;+45.4
653.92;-5.87;40.33;+45.4
654.91;-22.4;40.36;+45.4
655.91;-28.14;40.37;+45.4
656.91;-23.08;40.36;+45.4
657.92;-18.0;40.35;+45.4
658.92;-18.33;40.35;+45.4
659.92;-18.65;40.35;+45.4
660.92;-18.97;40.35;+45.4
661.92;-8.48;40.33;+45.4
662.92;-19.6;40.35;+45.4
663.92;-9.11;40.33;+45.4
664.92;-9.41;40.33;+45.4
665.91;-9.72;40.33;+45.4
666.91;-20.84;40.35;+45.4
667.91;-10.35;40.33;+45.4
668.91;-10.65;40.33;+45.4
669.91;-21.78;40.35;+45.4
670.91;-11.28;40.33;+45.4
671.91;-11.59;40.33;+45.4
672.91;-11.89;40.33;+45.4
673.91;-6.79;40.32;+45.3
674.91;-7.09;40.32;+45.4
675.92;-7.38;40.32;+45.4
676.92;8.55;40.29;+45.3
677.92;2.87;40.3;+45.3
678.92;2.59;40.3;+45.4
679.92;2.31;40.3;+45.4
680.92;-8.78;40.32;+45.3
681.92;1.74;40.3;+45.3
682.92;1.46;40.3;+45.4
683.92;1.19;40.3;+45.3
684.92;-9.91;40.32;+45.4
685.92;0.61;40.3;+45.4
686.92;5.74;40.29;+45.3
687.92;0.07;40.3;+45.3
688.92;5.2;40.29;+45.3
689.92;4.93;40.29;+45.4
690.92;4.66;40.29;+45.3
691.92;4.39;40.29;+45.4
692.92;4.12;40.29;+45.4
693.93;9.26;40.28;+45.3
694.93;-1.82;40.3;+45.4
695.94;3.31;40.29;+45.3
696.94;8.45;40.28;+45.4
697.94;2.78;40.29;+45.4
698.94;2.52;40.29;+45.4
699.94;29.29;40.24;+45.4
700.94;18.25;40.26;+45.3
701.93;7.2;40.28;+45.3
702.93;17.75;40.26;+45.3
703.93;28.33;40.24;+45.4
704.93;6.47;40.28;+45.3
705.93;27.85;40.24;+45.3
706.93;16.81;40.26;+45.3
707.94;27.39;40.24;+45.3
708.94;16.35;40.26;+45.3
709.94;16.1;40.26;+45.3
710.95;26.68;40.24;+45.3
711.95;31.87;40.23;+45.3
712.95;31.65;40.23;+45.3
713.96;31.44;40.23;+45.3
714.96;31.23;40.23;+45.3
715.96;31.01;40.23;+45.3
716.96;25.39;40.24;+45.3
717.96;46.81;40.2;+45.3
718.96;30.39;40.23;+45.3
719.96;30.18;40.23;+45.3
720.96;29.97;40.23;+45.3
721.96;35.16;40.22;+45.3
722.96;45.78;40.2;+45.3
723.96;34.78;40.22;+45.3
724.96;29.16;40.23;+45.3
725.96;34.36;40.22;+45.3
726.96;44.97;40.2;+45.3
727.96;44.79;40.2;+45.3
728.96;44.6;40.2;+45.3
729.95;49.83;40.19;+45.3
730.95;44.24;40.2;+45.3
731.95;54.88;40.18;+45.3
732.95;54.71;40.18;+45.3
733.95;49.14;40.19;+45.3
734.95;32.73;40.22;+45.3
735.95;48.76;40.19;+45.3
736.94;48.58;40.19;+45.3
737.94;43.0;40.2;+45.3
738.94;53.63;40.18;+45.3
739.94;64.28;40.16;+45.3
740.94;53.31;40.18;+45.3
741.94;63.97;40.16;+45.3
742.94;69.23;40.15;+45.3
743.94;69.09;40.15;+45.3
744.94;68.95;40.15;+45.3
745.94;63.4;40.16;+45.3
746.94;68.66;40.15;+45.2
747.94;68.52;40.15;+45.3
748.94;62.98;40.16;+45.3
749.94;62.83;40.16;+45.2
750.94;62.68;40.16;+45.3
751.94;67.94;40.15;+45.2
752.94;78.62;40.13;+45.3
753.94;78.5;40.13;+45.3
754.94;67.56;40.15;+45.3
755.94;62.01;40.16;+45.2
756.95;83.5;40.12;+45.3
757.95;67.16;40.15;+45.3
758.95;83.25;40.12;+45.2
759.95;77.73;40.13;+45.3
760.95;83.02;40.12;+45.2
761.95;66.68;40.15;+45.2
762.95;77.36;40.13;+45.2
763.95;77.24;40.13;+45.2
764.95;82.53;40.12;+45.2
765.96;82.42;40.12;+45.2
766.96;98.53;40.09;+45.2
767.97;82.22;40.12;+45.2
768.97;87.52;40.11;+45.2
769.97;82.01;40.12;+45.2
770.97;98.13;40.09;+45.2
771.97;98.04;40.09;+45.2
772.97;103.37;40.08;+45.2
773.97;97.88;40.09;+45.2
774.97;97.8;40.09;+45.2
775.97;97.72;40.09;+45.2
776.97;103.04;40.08;+45.1
777.97;86.74;40.11;+45.2
778.97;97.46;40.09;+45.2
779.97;102.79;40.08;+45.1
780.97;102.71;40.08;+45.2
781.97;102.64;40.08;+45.1
782.97;113.38;40.06;+45.2
783.97;102.51;40.08;+45.1
784.97;113.25;40.06;+45.1
785.97;113.2;40.06;+45.0
786.97;113.14;40.06;+45.1
787.97;102.27;40.08;+45.1
788.97;113.01;40.06;+45.1
789.97;112.96;40.06;+45.1
790.97;112.9;40.06;+45.1
791.97;112.84;40.06;+45.0
792.97;118.2;40.05;+45.1
793.96;112.74;40.06;+45.1
794.97;118.1;40.05;+45.1
795.97;112.64;40.06;+45.1
796.97;128.81;40.03;+45.1
797.96;128.79;40.03;+45.0
798.96;128.76;40.03;+45.0
799.96;128.73;40.03;+45.0
800.96;139.52;40.01;+45.0
801.96;117.87;40.05;+45.0
802.96;117.83;40.05;+45.0
803.96;128.6;40.03;+45.0
804.96;139.39;40.01;+45.0
805.96;139.38;40.01;+45.0
806.96;128.55;40.03;+45.0
807.96;133.94;40.02;+45.0
808.96;139.33;40.01;+45.0
809.96;117.68;40.05;+45.0
810.97;128.45;40.03;+45.0
811.97;139.24;40.01;+45.0
812.98;133.82;40.02;+45.0
813.98;139.22;40.01;+45.0
814.98;133.8;40.02;+45.0
815.98;139.19;40.01;+45.0
816.98;128.36;40.03;+45.0
817.98;149.97;39.99;+45.0
818.98;149.98;39.99;+45.0
819.98;133.76;40.02;+45.0
820.98;139.15;40.01;+45.0
821.97;139.14;40.01;+45.0
822.97;139.13;40.01;+45.0
823.97;149.94;39.99;+44.9
824.97;149.95;39.99;+45.0
825.97;139.14;40.01;+45.0
826.97;149.95;39.99;+45.0
827.97;149.96;39.99;+45.0
828.97;155.38;39.98;+45.0
829.97;139.17;40.01;+45.0
830.97;149.98;39.99;+44.9
831.98;166.22;39.96;+44.9
832.97;150.02;39.99;+45.0
833.97;150.03;39.99;+44.9
834.97;150.04;39.99;+44.9
835.98;150.05;39.99;+45.0
836.98;171.7;39.95;+44.9
837.98;166.34;39.96;+45.0
838.98;155.55;39.98;+44.9
839.98;150.16;39.99;+45.0
840.98;155.58;39.98;+45.0
841.98;166.42;39.96;+45.0
842.99;155.64;39.98;+44.9
843.98;155.66;39.98;+44.9
844.98;171.9;39.95;+44.9
845.98;171.95;39.95;+44.9
846.98;171.99;39.95;+44.8
847.98;166.63;39.96;+44.9
848.98;172.08;39.95;+44.9
849.98;166.72;39.96;+44.9
850.98;166.75;39.96;+44.9
851.98;172.2;39.95;+44.9
852.98;177.65;39.94;+44.9
853.98;172.3;39.95;+44.8
854.98;177.76;39.94;+44.9
855.98;172.4;39.95;+44.8
856.98;172.45;39.95;+44.8
857.98;177.9;39.94;+44.8
858.98;172.55;39.95;+44.9
859.99;172.6;39.95;+44.9
860.99;172.64;39.95;+44.9
861.98;167.28;39.96;+44.8
862.98;172.73;39.95;+44.8
863.98;178.18;39.94;+44.8
864.98;178.24;39.94;+44.9
865.98;178.29;39.94;+44.8
866.99;178.35;39.94;+44.8
867.99;178.4;39.94;+44.9
868.99;178.46;39.94;+44.8
869.99;178.52;39.94;+44.7
870.99;189.39;39.92;+44.8
871.98;178.64;39.94;+44.8
872.98;194.93;39.91;+44.7
873.98;178.78;39.94;+44.8
874.98;195.07;39.91;+44.7
875.98;189.74;39.92;+44.8
876.98;179.0;39.94;+44.7
877.98;195.28;39.91;+44.7
878.98;200.77;39.9;+44.7
879.98;190.05;39.92;+44.7
880.98;195.53;39.91;+44.7
881.98;195.61;39.91;+44.8
882.98;211.92;39.88;+44.7
883.98;212.03;39.88;+44.7
884.98;190.51;39.92;+44.8
885.98;201.4;39.9;+44.7
886.98;196.08;39.91;+44.7
887.98;179.94;39.94;+44.7
888.98;190.81;39.92;+44.7
889.98;190.89;39.92;+44.7
891.16;201.8;39.9;+44.7
892.16;196.48;39.91;+44.7
893.15;201.97;39.9;+44.7
894.15;202.07;39.9;+44.7
895.15;196.75;39.91;+44.7
896.15;196.83;39.91;+44.7
897.15;202.32;39.9;+44.7
898.15;202.42;39.9;+44.7
899.15;202.51;39.9;+44.7
900.15;202.6;39.9;+44.7
901.16;213.51;39.88;+44.7
902.16;213.63;39.88;+44.7
903.16;213.74;39.88;+44.7
904.16;213.85;39.88;+44.7
905.15;213.96;39.88;+44.7
906.15;203.25;39.9;+44.7
907.15;214.16;39.88;+44.7
908.15;214.27;39.88;+44.7
909.15;203.57;39.9;+44.7
910.15;219.89;39.87;+44.7
911.15;214.6;39.88;+44.6
912.15;214.71;39.88;+44.7
913.15;220.23;39.87;+44.7
914.15;214.94;39.88;+44.7
915.16;204.23;39.9;+44.6
916.16;215.14;39.88;+44.7
917.16;231.48;39.85;+44.7
918.16;220.8;39.87;+44.6
919.16;231.74;39.85;+44.7
920.16;221.06;39.87;+44.6
921.16;221.18;39.87;+44.6
922.16;221.3;39.87;+44.6
923.16;221.42;39.87;+44.6
924.16;221.54;39.87;+44.6
925.16;216.25;39.88;+44.6
926.16;232.59;39.85;+44.7
927.16;232.73;39.85;+44.6
928.16;238.28;39.84;+44.6
929.16;222.2;39.87;+44.6
930.17;222.32;39.87;+44.6
931.17;233.26;39.85;+44.6
932.17;222.58;39.87;+44.6
933.18;233.52;39.85;+44.6
934.18;222.84;39.87;+44.6
935.18;233.78;39.85;+44.6
936.18;239.33;39.84;+44.6
937.18;234.07;39.85;+44.6
938.18;223.39;39.87;+44.6
939.18;239.74;39.84;+44.5
940.18;223.66;39.87;+44.6
941.18;218.37;39.88;+44.6
942.18;223.89;39.87;+44.6
943.18;234.83;39.85;+44.5
944.18;224.15;39.87;+44.5
945.18;224.27;39.87;+44.6
946.18;224.39;39.87;+44.4
947.18;240.74;39.84;+44.5
948.17;240.88;39.84;+44.5
949.17;235.62;39.85;+44.5
950.17;224.94;39.87;+44.5
951.17;235.88;39.85;+44.4
952.17;236.02;39.85;+44.5
953.17;241.57;39.84;+44.5
954.17;225.49;39.87;+44.5
955.17;247.25;39.83;+44.5
956.18;242.0;39.84;+44.5
957.18;242.14;39.84;+44.5
958.18;236.88;39.85;+44.5
959.18;242.43;39.84;+44.5
960.18;237.17;39.85;+44.5
961.18;242.72;39.84;+44.4
962.18;242.87;39.84;+44.4
963.18;243.01;39.84;+44.5
964.18;237.75;39.85;+44.5
965.17;237.89;39.85;+44.5
966.17;248.85;39.83;+44.5
967.17;243.6;39.84;+44.5
968.17;238.33;39.85;+44.5
969.17;243.88;39.84;+44.4
970.17;244.03;39.84;+44.5
971.17;238.77;39.85;+44.5
972.17;249.73;39.83;+44.5
973.17;239.07;39.85;+44.5
974.17;228.39;39.87;+44.5
975.17;250.14;39.83;+44.5
976.17;244.89;39.84;+44.4
977.16;245.04;39.84;+44.5
978.16;245.19;39.84;+44.5
979.16;245.33;39.84;+44.5
980.16;240.07;39.85;+44.4
981.16;240.21;39.85;+44.4
982.16;245.76;39.84;+44.4
983.16;240.5;39.85;+44.4
984.16;240.64;39.85;+44.4
985.16;246.19;39.84;+44.4
986.16;240.92;39.85;+44.4
987.16;241.06;39.85;+44.4
988.16;241.2;39.85;+44.4
989.16;246.75;39.84;+44.4
990.16;246.9;39.84;+44.4
991.16;247.05;39.84;+44.4
992.15;241.79;39.85;+44.4
993.16;241.92;39.85;+44.4
994.16;247.47;39.84;+44.4
995.15;242.21;39.85;+44.4
996.16;253.17;39.83;+44.4
997.16;247.92;39.84;+44.4
998.15;248.06;39.84;+44.4
999.16;248.21;39.84;+44.4
1000.16;248.36;39.84;+44.4
1001.16;253.92;39.83;+44.4
1002.16;243.26;39.85;+44.4
1003.16;232.58;39.87;+44.4
1004.15;248.93;39.84;+44.4
1005.15;254.48;39.83;+44.4
1006.15;249.23;39.84;+44.4
1007.15;249.38;39.84;+44.4
1008.15;244.12;39.85;+44.4
1009.15;249.66;39.84;+44.4
1010.15;249.81;39.84;+44.3
1011.15;255.37;39.83;+44.4
1012.15;250.12;39.84;+44.4
1013.15;250.27;39.84;+44.4
1014.15;255.82;39.83;+44.4
1015.15;250.57;39.84;+44.4
1016.15;245.31;39.85;+44.4
1017.15;245.45;39.85;+44.4
1018.15;256.41;39.83;+44.4
1019.15;245.75;39.85;+44.4
1020.15;245.89;39.85;+44.4
1021.15;256.84;39.83;+44.4
1022.15;251.59;39.84;+44.4
1023.15;251.74;39.84;+44.4
1024.15;251.89;39.84;+44.4
1025.15;252.03;39.84;+44.4
1026.15;246.77;39.85;+44.4
1027.15;252.32;39.84;+44.4
1028.15;247.06;39.85;+44.4
1029.15;236.38;39.87;+44.4
1030.14;231.09;39.88;+44.4
1031.14;247.43;39.85;+44.4
1032.14;252.98;39.84;+44.4
1033.14;253.13;39.84;+44.4
1034.14;237.05;39.87;+44.4
1035.14;237.17;39.87;+44.4
1036.15;248.11;39.85;+44.4
1037.15;248.25;39.85;+44.4
1038.15;248.38;39.85;+44.4
1039.15;253.93;39.84;+44.4
1040.15;248.67;39.85;+44.4
1041.15;254.22;39.84;+44.4
1042.15;238.14;39.87;+44.4
1043.15;259.9;39.83;+44.3
1044.14;254.64;39.84;+44.4
1045.15;238.57;39.87;+44.4
1046.15;238.69;39.87;+44.4
1047.15;255.03;39.84;+44.4
1048.16;260.59;39.83;+44.4
1049.16;255.34;39.84;+44.3
1050.16;233.85;39.88;+44.3
1051.15;250.19;39.85;+44.4
1052.15;250.33;39.85;+44.4
1053.15;250.47;39.85;+44.4
1054.16;256.02;39.84;+44.3
1055.16;250.76;39.85;+44.4
1056.17;250.9;39.85;+44.4
1057.16;251.03;39.85;+44.4
1058.16;240.35;39.87;+44.3
1059.16;240.47;39.87;+44.4
1060.16;235.19;39.88;+44.4
1061.16;251.52;39.85;+44.4
1062.16;235.44;39.88;+44.4
1063.16;251.77;39.85;+44.4
1064.16;251.91;39.85;+44.4
1065.16;241.23;39.87;+44.4
1066.16;252.17;39.85;+44.4
1067.16;241.49;39.87;+44.4
1068.16;252.43;39.85;+44.3
1069.16;252.57;39.85;+44.3
1070.16;252.71;39.85;+44.4
1071.16;242.03;39.87;+44.3
1072.16;252.97;39.85;+44.4
1073.15;242.29;39.87;+44.3
1074.15;242.41;39.87;+44.4
1075.15;237.12;39.88;+44.4
1076.15;253.46;39.85;+44.3
1077.15;253.6;39.85;+44.3
1078.15;242.92;39.87;+44.4
1079.15;253.86;39.85;+44.4
1080.15;243.18;39.87;+44.3
1081.15;243.3;39.87;+44.3
1082.15;259.65;39.84;+44.3
1083.16;259.79;39.84;+44.4
1084.16;243.71;39.87;+44.3
1085.16;254.65;39.85;+44.3
1086.16;260.2;39.84;+44.4
1087.16;244.12;39.87;+44.4
1088.16;255.06;39.85;+44.3
1089.16;244.38;39.87;+44.3
1090.16;260.73;39.84;+44.4
1091.16;244.65;39.87;+44.4
1092.16;244.77;39.87;+44.3
1093.15;255.71;39.85;+44.3
1094.15;245.03;39.87;+44.4
1095.16;245.15;39.87;+44.3
1096.15;256.09;39.85;+44.3
1097.15;245.41;39.87;+44.3
1098.15;245.53;39.87;+44.3
1099.16;261.88;39.84;+44.3
1100.16;256.62;39.85;+44.4
1101.16;245.94;39.87;+44.4
1102.16;256.87;39.85;+44.4
1103.16;262.42;39.84;+44.4
1104.16;262.57;39.84;+44.3
1105.16;257.31;39.85;+44.3
1106.16;262.86;39.84;+44.4
1107.16;257.6;39.85;+44.4
1108.16;257.74;39.85;+44.4
1109.16;263.28;39.84;+44.3
1110.15;258.02;39.85;+44.3
1111.15;258.16;39.85;+44.3
1112.15;258.3;39.85;+44.3
1113.15;258.44;39.85;+44.3
1114.15;263.99;39.84;+44.4
1115.15;264.13;39.84;+44.3
1116.15;264.28;39.84;+44.3
1117.15;264.43;39.84;+44.4
1118.15;264.58;39.84;+44.3
1119.15;259.32;39.85;+44.4
1120.15;259.46;39.85;+44.4
1121.15;259.6;39.85;+44.3
1122.15;270.55;39.83;+44.3
1123.15;265.3;39.84;+44.3
1124.16;249.22;39.87;+44.3
1125.16;260.16;39.85;+44.3
1126.16;249.48;39.87;+44.3
1127.16;265.83;39.84;+44.4
1128.16;260.57;39.85;+44.4
1129.16;249.89;39.87;+44.4
1130.16;260.83;39.85;+44.2
1131.16;260.97;39.85;+44.3
1132.17;261.11;39.85;+44.3
1133.16;250.43;39.87;+44.3
1134.16;261.37;39.85;+44.3
1135.16;250.69;39.87;+44.4
1136.16;250.81;39.87;+44.3
1137.16;261.74;39.85;+44.3
1138.16;267.29;39.84;+44.4
1139.16;262.03;39.85;+44.4
1140.16;262.17;39.85;+44.4
1141.16;262.31;39.85;+44.4
1142.16;262.45;39.85;+44.3
1143.16;251.77;39.87;+44.3
1144.16;251.89;39.87;+44.3
1145.16;252.01;39.87;+44.3
1146.16;262.95;39.85;+44.3
1147.16;252.27;39.87;+44.3
1148.16;263.21;39.85;+44.3
1149.15;263.35;39.85;+44.3
1150.15;263.48;39.85;+44.3
1151.15;252.8;39.87;+44.3
1152.16;263.74;39.85;+44.4
1153.15;263.88;39.85;+44.3
1154.15;253.2;39.87;+44.3
1155.15;269.55;39.84;+44.4
1156.15;253.47;39.87;+44.4
1157.15;264.41;39.85;+44.4
1158.15;253.73;39.87;+44.3
1159.15;264.67;39.85;+44.3
1160.15;264.81;39.85;+44.4
1161.15;264.95;39.85;+44.3
1162.15;248.86;39.88;+44.3
1163.15;248.97;39.88;+44.3
1164.14;265.31;39.85;+44.3
1165.14;254.63;39.87;+44.4
1166.14;254.75;39.87;+44.3
1167.15;254.87;39.87;+44.3
1168.15;249.58;39.88;+44.3
1169.15;249.69;39.88;+44.3
1170.15;249.8;39.88;+44.4
1171.15;255.32;39.87;+44.3
1172.15;255.44;39.87;+44.3
1173.15;250.15;39.88;+44.3
1174.14;255.67;39.87;+44.3
1175.14;250.38;39.88;+44.3
1176.14;239.68;39.9;+44.4
1177.14;250.59;39.88;+44.3
1178.14;266.93;39.85;+44.3
1179.14;267.07;39.85;+44.3
1180.14;256.39;39.87;+44.3
1181.14;251.1;39.88;+44.4
1182.14;251.21;39.88;+44.3
1183.14;251.32;39.88;+44.4
1184.14;240.61;39.9;+44.3
1185.14;251.52;39.88;+44.4
1186.14;251.63;39.88;+44.4
1187.14;251.74;39.88;+44.4
1188.14;241.04;39.9;+44.4
1189.15;251.95;39.88;+44.3
1190.15;241.24;39.9;+44.4
1191.15;252.15;39.88;+44.4
1192.14;241.44;39.9;+44.4
1193.14;252.36;39.88;+44.4
1194.14;252.47;39.88;+44.4
1195.14;252.58;39.88;+44.3
1196.14;252.69;39.88;+44.3
1197.14;241.98;39.9;+44.4
1198.14;242.07;39.9;+44.4
1199.14;252.98;39.88;+44.3
1200.14;242.28;39.9;+44.3
1201.14;242.37;39.9;+44.4
1202.13;253.28;39.88;+44.3
1203.14;253.39;39.88;+44.4
1204.14;242.68;39.9;+44.4
1205.14;237.37;39.91;+44.3
1206.14;242.86;39.9;+44.4
1207.13;242.95;39.9;+44.4
1208.13;237.64;39.91;+44.4
1209.13;243.13;39.9;+44.4
1210.13;237.81;39.91;+44.4
1211.13;243.3;39.9;+44.4
1212.14;254.22;39.88;+44.4
1213.14;243.51;39.9;+44.4
1214.14;243.6;39.9;+44.4
1215.14;243.69;39.9;+44.3
1216.14;260.01;39.87;+44.3
1217.14;238.5;39.91;+44.4
1218.14;243.99;39.9;+44.4
1219.14;254.9;39.88;+44.4
1220.14;238.78;39.91;+44.4
1221.14;238.87;39.91;+44.4
1222.14;244.36;39.9;+44.4
1223.14;244.45;39.9;+44.4
1224.14;244.55;39.9;+44.4
1225.14;239.23;39.91;+44.3
1226.14;239.31;39.91;+44.4
1227.14;217.76;39.95;+44.4
1228.14;234.03;39.92;+44.4
1229.14;234.11;39.92;+44.3
1230.14;245.0;39.9;+44.4
1231.14;234.27;39.92;+44.4
1232.14;234.35;39.92;+44.4
1233.14;239.83;39.91;+44.4
1234.14;239.91;39.91;+44.3
1235.14;234.59;39.92;+44.4
1236.13;240.07;39.91;+44.4
1237.13;240.15;39.91;+44.4
1238.14;234.83;39.92;+44.4
1239.14;234.9;39.92;+44.4
1240.14;240.39;39.91;+44.4
1241.14;224.24;39.94;+44.4
1242.14;235.12;39.92;+44.4
1243.14;235.19;39.92;+44.4
1244.14;235.26;39.92;+44.4
1245.14;235.34;39.92;+44.4
1246.14;224.59;39.94;+44.4
1247.14;224.65;39.94;+44.4
1248.13;235.52;39.92;+44.4
1249.13;235.6;39.92;+44.4
1250.14;219.44;39.95;+44.4
1251.16;241.13;39.91;+44.4
1252.16;235.8;39.92;+44.4
1253.16;225.06;39.94;+44.4
1254.17;219.7;39.95;+44.4
1255.17;235.98;39.92;+44.4
1256.16;236.05;39.92;+44.4
1257.16;236.13;39.92;+44.4
1258.16;236.2;39.92;+44.4
1259.16;225.46;39.94;+44.4
1260.17;225.51;39.94;+44.4
1261.17;220.16;39.95;+44.4
1262.16;236.43;39.92;+44.4
1263.16;225.69;39.94;+44.4
1264.17;220.33;39.95;+44.4
1265.16;225.79;39.94;+44.4
1266.16;225.84;39.94;+44.4
1267.16;236.72;39.92;+44.4
1268.16;215.16;39.96;+44.4
1269.16;215.19;39.96;+44.4
1270.16;220.64;39.95;+44.4
1271.16;220.69;39.95;+44.4
1272.15;226.14;39.94;+44.4
1273.15;220.79;39.95;+44.4
1274.16;226.24;39.94;+44.4
1275.16;220.89;39.95;+44.4
1276.15;226.34;39.94;+44.4
1277.15;237.22;39.92;+44.4
1278.15;221.06;39.95;+44.4
1279.15;221.11;39.95;+44.4
1280.15;215.75;39.96;+44.4
1281.15;215.78;39.96;+44.4
1282.15;221.23;39.95;+44.4
1283.15;215.87;39.96;+44.4
1284.15;205.09;39.98;+44.4
1285.15;215.92;39.96;+44.4
1286.15;205.14;39.98;+44.4
1287.15;215.98;39.96;+44.4
1288.15;216.02;39.96;+44.4
1289.15;221.46;39.95;+44.4
1290.15;216.1;39.96;+44.4
1291.15;216.14;39.96;+44.5
1292.16;216.17;39.96;+44.4
1293.16;205.39;39.98;+44.4
1294.16;205.41;39.98;+44.4
1295.16;205.43;39.98;+44.4
1296.16;216.27;39.96;+44.4
1297.17;216.3;39.96;+44.4
1298.17;216.34;39.96;+44.4
1299.18;205.56;39.98;+44.5
1300.18;216.4;39.96;+44.4
1301.19;205.62;39.98;+44.4
1302.19;205.63;39.98;+44.4
1303.19;205.65;39.98;+44.4
1304.19;205.67;39.98;+44.5
1305.37;216.51;39.96;+44.4
1306.37;205.73;39.98;+44.4
1307.37;205.75;39.98;+44.5
1308.37;200.36;39.99;+44.4
1309.37;205.78;39.98;+44.4
1310.37;205.8;39.98;+44.4
1311.38;216.64;39.96;+44.5
1312.39;216.67;39.96;+44.5
1313.39;200.48;39.99;+44.5
1314.39;189.67;40.01;+44.5
1315.39;205.89;39.98;+44.4
1316.39;200.5;39.99;+44.4
1317.39;200.51;39.99;+44.4
1318.39;200.52;39.99;+44.4
1319.39;200.53;39.99;+44.4
1320.39;205.95;39.98;+44.4
1321.39;200.56;39.99;+44.5
1322.39;184.34;40.02;+44.5
1323.4;189.73;40.01;+44.4
1324.4;189.72;40.01;+44.5
1325.4;200.53;39.99;+44.6
1326.4;205.95;39.98;+44.5
1327.4;189.74;40.01;+44.5
1328.4;200.55;39.99;+44.5
1329.4;205.97;39.98;+44.5
1330.4;200.57;39.99;+44.5
1331.4;200.58;39.99;+44.5
1332.41;189.77;40.01;+44.5
1333.41;184.36;40.02;+44.5
1334.41;184.34;40.02;+44.5
1335.41;200.55;39.99;+44.5
1336.41;184.33;40.02;+44.5
1337.41;189.72;40.01;+44.5
1338.41;184.3;40.02;+44.5
1339.41;200.51;39.99;+44.4
1340.41;178.88;40.03;+44.4
1341.41;189.67;40.01;+44.5
1342.41;189.66;40.01;+44.5
1343.4;178.84;40.03;+44.5
1344.41;184.22;40.02;+44.5
1345.4;184.2;40.02;+44.5
1346.4;189.59;40.01;+44.5
1347.41;178.76;40.03;+44.5
1348.42;178.73;40.03;+44.5
1349.42;184.11;40.02;+44.6
1350.42;178.69;40.03;+44.5
1351.42;184.07;40.02;+44.5
1352.42;184.05;40.02;+44.5
1353.42;178.62;40.03;+44.5
1354.42;178.59;40.03;+44.6
1355.42;183.98;40.02;+44.5
1356.42;167.73;40.05;+44.6
1357.42;178.5;40.03;+44.5
1358.42;178.47;40.03;+44.6
1359.42;178.45;40.03;+44.5
1360.43;167.6;40.05;+44.6
1361.44;162.14;40.06;+44.5
1362.44;178.32;40.03;+44.6
1363.44;167.47;40.05;+44.7
1364.44;167.42;40.05;+44.6
1365.44;161.97;40.06;+44.6
1366.44;161.91;40.06;+44.6
1367.43;167.27;40.05;+44.6
1368.43;167.22;40.05;+44.6
1369.43;161.76;40.06;+44.6
1370.43;167.12;40.05;+44.6
1371.43;167.07;40.05;+44.6
1372.43;167.03;40.05;+44.5
