0.22;510.0;25.45
0.93;504.0;25.48
1.65;506.0;25.47
2.37;506.0;25.47
3.19;506.0;25.47
3.91;510.0;25.45
4.63;510.0;25.45
5.35;510.0;25.45
6.2;506.0;25.47
6.93;510.0;25.45
7.65;516.0;25.42
8.36;512.0;25.44
9.22;516.0;25.42
9.94;512.0;25.44
10.65;512.0;25.44
11.37;506.0;25.47
12.23;516.0;25.42
12.94;512.0;25.44
13.66;518.0;25.41
14.38;518.0;25.41
15.24;518.0;25.41
15.96;516.0;25.42
16.67;516.0;25.42
17.39;516.0;25.42
18.25;516.0;25.42
18.97;516.0;25.42
19.68;518.0;25.41
20.4;524.0;25.38
21.26;518.0;25.41
21.98;520.0;25.4
22.7;518.0;25.41
23.41;518.0;25.41
24.27;520.0;25.4
24.99;518.0;25.41
25.71;524.0;25.38
26.42;518.0;25.41
27.28;520.0;25.4
28.0;520.0;25.4
28.72;516.0;25.42
29.44;524.0;25.38
30.29;524.0;25.38
31.01;518.0;25.41
31.73;520.0;25.4
32.45;526.0;25.37
33.3;518.0;25.41
34.02;516.0;25.42
34.74;516.0;25.42
35.46;518.0;25.41
36.31;524.0;25.38
37.03;518.0;25.41
37.75;520.0;25.4
38.48;516.0;25.42
39.33;518.0;25.41
40.05;520.0;25.4
40.77;518.0;25.41
41.5;512.0;25.44
42.34;512.0;25.44
43.06;512.0;25.44
43.79;516.0;25.42
44.51;510.0;25.45
45.35;512.0;25.44
46.07;512.0;25.44
46.79;512.0;25.44
47.5;506.0;25.47
48.36;512.0;25.44
49.08;512.0;25.44
49.8;510.0;25.45
50.52;512.0;25.44
51.37;510.0;25.45
52.09;506.0;25.47
52.81;506.0;25.47
53.53;504.0;25.48
54.38;504.0;25.48
55.1;506.0;25.47
55.82;504.0;25.48
56.54;504.0;25.48
57.39;506.0;25.47
58.11;502.0;25.49
58.83;496.0;25.52
59.55;498.0;25.51
60.4;498.0;25.51
61.12;492.0;25.54
61.84;492.0;25.54
62.56;492.0;25.54
63.41;496.0;25.52
64.14;490.0;25.55
64.85;490.0;25.55
65.57;484.0;25.58
66.42;486.0;25.57
67.14;490.0;25.55
67.86;486.0;25.57
68.58;484.0;25.58
69.44;484.0;25.58
70.16;484.0;25.58
70.88;478.0;25.61
71.6;484.0;25.58
72.45;478.0;25.61
73.16;478.0;25.61
73.88;480.0;25.6
74.6;480.0;25.6
75.46;472.0;25.64
76.18;476.0;25.62
76.89;468.0;25.66
77.61;470.0;25.65
78.47;468.0;25.66
79.19;464.0;25.68
79.91;462.0;25.69
80.63;468.0;25.66
81.48;458.0;25.71
82.2;462.0;25.69
82.92;462.0;25.69
83.64;462.0;25.69
84.49;454.0;25.73
85.21;450.0;25.75
85.93;450.0;25.75
86.65;448.0;25.76
87.5;444.0;25.78
88.22;444.0;25.78
88.94;444.0;25.78
89.66;442.0;25.79
90.51;438.0;25.81
91.24;436.0;25.82
91.96;436.0;25.82
92.68;430.0;25.85
93.52;428.0;25.86
94.24;430.0;25.85
94.96;424.0;25.88
95.68;428.0;25.86
96.54;424.0;25.88
97.26;422.0;25.89
97.98;422.0;25.89
98.7;416.0;25.92
99.54;414.0;25.93
100.27;414.0;25.93
100.99;408.0;25.96
101.7;408.0;25.96
102.56;408.0;25.96
103.28;408.0;25.96
103.99;406.0;25.97
104.71;402.0;25.99
105.57;402.0;25.99
106.28;400.0;26.0
107.0;394.0;26.03
107.72;398.0;26.01
108.58;398.0;26.01
109.3;388.0;26.06
110.02;392.0;26.04
110.73;386.0;26.07
111.59;388.0;26.06
112.31;380.0;26.1
113.03;380.0;26.1
113.74;378.0;26.11
114.6;374.0;26.13
115.32;372.0;26.14
116.04;374.0;26.13
116.76;368.0;26.16
117.61;362.0;26.19
118.33;366.0;26.17
119.06;366.0;26.17
119.78;362.0;26.19
120.62;360.0;26.2
121.34;358.0;26.21
122.06;358.0;26.21
122.78;354.0;26.23
123.63;352.0;26.24
124.35;346.0;26.27
125.07;346.0;26.27
125.79;346.0;26.27
126.64;338.0;26.31
127.37;338.0;26.31
128.09;340.0;26.3
128.81;334.0;26.33
129.65;334.0;26.33
130.38;330.0;26.35
131.1;332.0;26.34
131.82;332.0;26.34
132.66;320.0;26.4
133.38;326.0;26.37
134.1;318.0;26.41
134.82;316.0;26.42
135.68;318.0;26.41
136.39;316.0;26.42
137.11;310.0;26.45
137.84;310.0;26.45
138.69;306.0;26.47
139.41;304.0;26.48
140.13;298.0;26.51
140.85;298.0;26.51
141.7;296.0;26.52
142.42;298.0;26.51
143.14;296.0;26.52
143.86;290.0;26.55
144.71;290.0;26.55
145.43;282.0;26.59
146.14;284.0;26.58
146.86;282.0;26.59
147.72;276.0;26.62
148.44;274.0;26.63
149.16;276.0;26.62
149.87;270.0;26.65
150.73;264.0;26.68
151.45;262.0;26.69
152.17;262.0;26.69
152.89;260.0;26.7
153.74;254.0;26.73
154.46;256.0;26.72
155.18;256.0;26.72
155.9;250.0;26.75
156.75;244.0;26.78
157.47;242.0;26.79
158.19;244.0;26.78
158.91;244.0;26.78
159.76;238.0;26.81
160.48;236.0;26.82
161.2;236.0;26.82
161.92;234.0;26.83
162.77;228.0;26.86
163.49;220.0;26.9
164.21;220.0;26.9
164.93;226.0;26.87
165.78;222.0;26.89
166.5;220.0;26.9
167.22;220.0;26.9
167.94;212.0;26.94
168.79;208.0;26.96
169.51;208.0;26.96
170.23;206.0;26.97
170.95;206.0;26.97
171.8;200.0;27.0
172.52;200.0;27.0
173.24;202.0;26.99
173.96;192.0;27.04
174.81;188.0;27.06
175.53;186.0;27.07
176.25;186.0;27.07
176.97;180.0;27.1
177.82;186.0;27.07
178.54;174.0;27.13
179.26;172.0;27.14
179.98;174.0;27.13
180.83;170.0;27.15
181.55;164.0;27.18
182.27;164.0;27.18
182.99;160.0;27.2
183.85;158.0;27.21
184.56;160.0;27.2
185.28;156.0;27.22
186.0;150.0;27.25
186.86;150.0;27.25
187.58;146.0;27.27
188.29;146.0;27.27
189.01;142.0;27.29
189.87;138.0;27.31
190.59;138.0;27.31
191.31;132.0;27.34
192.02;132.0;27.34
192.88;126.0;27.37
193.6;126.0;27.37
194.32;126.0;27.37
195.03;124.0;27.38
195.89;118.0;27.41
196.61;118.0;27.41
197.32;110.0;27.45
198.04;108.0;27.46
198.9;108.0;27.46
199.62;104.0;27.48
200.33;104.0;27.48
201.05;98.0;27.51
201.91;96.0;27.52
202.63;96.0;27.52
203.35;96.0;27.52
204.06;88.0;27.56
204.92;88.0;27.56
205.64;84.0;27.58
206.36;82.0;27.59
207.07;78.0;27.61
207.93;76.0;27.62
208.65;74.0;27.63
209.37;74.0;27.63
210.09;68.0;27.66
210.94;64.0;27.68
211.66;68.0;27.66
212.38;64.0;27.68
213.1;56.0;27.72
213.95;54.0;27.73
214.67;54.0;27.73
215.39;48.0;27.76
216.11;50.0;27.75
216.96;48.0;27.76
217.68;46.0;27.77
218.4;42.0;27.79
219.11;40.0;27.8
219.97;40.0;27.8
220.69;34.0;27.83
221.41;32.0;27.84
222.13;26.0;27.87
222.98;26.0;27.87
223.7;32.0;27.84
224.42;22.0;27.89
225.13;14.0;27.93
225.99;18.0;27.91
226.71;14.0;27.93
227.43;12.0;27.94
228.15;6.0;27.97
229.0;8.0;27.96
229.72;8.0;27.96
230.44;6.0;27.97
231.16;6.0;27.97
232.01;0.0;28.0
232.73;-6.0;28.03
233.45;-6.0;28.03
234.17;-12.0;28.06
235.02;-6.0;28.03
235.74;-14.0;28.07
236.45;-14.0;28.07
237.17;-20.0;28.1
238.03;-20.0;28.1
238.75;-22.0;28.11
239.46;-22.0;28.11
240.18;-26.0;28.13
241.04;-30.0;28.15
241.76;-34.0;28.17
242.48;-30.0;28.15
243.2;-36.0;28.18
244.05;-42.0;28.21
244.77;-46.0;28.23
245.49;-42.0;28.21
246.21;-42.0;28.21
247.06;-42.0;28.21
247.78;-48.0;28.24
248.49;-54.0;28.27
249.21;-54.0;28.27
250.07;-50.0;28.25
250.79;-50.0;28.25
251.51;-56.0;28.28
252.22;-56.0;28.28
253.08;-60.0;28.3
253.8;-60.0;28.3
254.51;-62.0;28.31
255.23;-64.0;28.32
256.09;-62.0;28.31
256.8;-68.0;28.34
257.52;-70.0;28.35
258.24;-68.0;28.34
259.1;-76.0;28.38
259.81;-70.0;28.35
260.53;-72.0;28.36
261.25;-78.0;28.39
262.11;-76.0;28.38
262.83;-78.0;28.39
263.55;-78.0;28.39
264.26;-82.0;28.41
265.12;-82.0;28.41
265.84;-86.0;28.43
266.55;-86.0;28.43
267.27;-86.0;28.43
268.13;-86.0;28.43
268.84;-90.0;28.45
269.56;-86.0;28.43
270.28;-90.0;28.45
271.13;-92.0;28.46
271.85;-92.0;28.46
272.57;-92.0;28.46
273.29;-96.0;28.48
274.14;-96.0;28.48
274.86;-96.0;28.48
275.58;-104.0;28.52
276.3;-104.0;28.52
277.15;-104.0;28.52
277.88;-104.0;28.52
278.59;-104.0;28.52
279.31;-106.0;28.53
280.16;-106.0;28.53
280.88;-106.0;28.53
281.6;-110.0;28.55
282.32;-106.0;28.53
283.17;-112.0;28.56
283.89;-106.0;28.53
284.61;-112.0;28.56
285.33;-112.0;28.56
286.18;-112.0;28.56
286.9;-112.0;28.56
287.62;-112.0;28.56
288.34;-116.0;28.58
289.19;-112.0;28.56
289.91;-116.0;28.58
290.63;-118.0;28.59
291.35;-116.0;28.58
292.2;-116.0;28.58
292.93;-118.0;28.59
293.65;-118.0;28.59
294.37;-118.0;28.59
295.21;-120.0;28.6
295.93;-120.0;28.6
296.65;-120.0;28.6
297.37;-120.0;28.6
298.22;-120.0;28.6
298.94;-124.0;28.62
299.66;-124.0;28.62
300.37;-120.0;28.6
301.23;-126.0;28.63
301.95;-126.0;28.63
302.67;-124.0;28.62
303.39;-130.0;28.65
304.24;-120.0;28.6
304.96;-126.0;28.63
305.68;-126.0;28.63
306.4;-124.0;28.62
307.25;-130.0;28.65
307.97;-124.0;28.62
308.69;-126.0;28.63
309.41;-130.0;28.65
310.26;-124.0;28.62
310.98;-130.0;28.65
311.69;-120.0;28.6
312.41;-130.0;28.65
313.26;-126.0;28.63
313.98;-126.0;28.63
314.7;-130.0;28.65
315.42;-132.0;28.66
316.27;-126.0;28.63
316.99;-126.0;28.63
317.71;-124.0;28.62
318.43;-132.0;28.66
319.28;-126.0;28.63
320.0;-130.0;28.65
320.72;-130.0;28.65
321.44;-126.0;28.63
322.29;-132.0;28.66
323.01;-134.0;28.67
323.73;-130.0;28.65
324.45;-132.0;28.66
325.3;-126.0;28.63
326.02;-126.0;28.63
326.74;-130.0;28.65
327.46;-126.0;28.63
328.31;-126.0;28.63
329.03;-130.0;28.65
329.75;-126.0;28.63
330.47;-126.0;28.63
331.32;-130.0;28.65
332.04;-132.0;28.66
332.76;-130.0;28.65
333.47;-126.0;28.63
334.33;-124.0;28.62
335.05;-126.0;28.63
335.77;-126.0;28.63
336.48;-126.0;28.63
337.34;-126.0;28.63
338.06;-124.0;28.62
338.77;-124.0;28.62
339.5;-130.0;28.65
340.35;-124.0;28.62
341.07;-126.0;28.63
341.79;-118.0;28.59
342.51;-118.0;28.59
343.36;-118.0;28.59
344.07;-124.0;28.62
344.79;-120.0;28.6
345.52;-120.0;28.6
346.37;-120.0;28.6
347.08;-124.0;28.62
347.8;-118.0;28.59
348.52;-118.0;28.59
349.37;-120.0;28.6
350.09;-124.0;28.62
350.81;-120.0;28.6
351.53;-116.0;28.58
352.38;-118.0;28.59
353.1;-118.0;28.59
353.82;-116.0;28.58
354.54;-112.0;28.56
355.39;-112.0;28.56
356.11;-112.0;28.56
356.83;-112.0;28.56
357.55;-112.0;28.56
358.4;-110.0;28.55
359.12;-110.0;28.55
359.84;-110.0;28.55
360.56;-112.0;28.56
361.41;-110.0;28.55
362.13;-110.0;28.55
362.85;-104.0;28.52
363.56;-110.0;28.55
364.42;-104.0;28.52
365.14;-106.0;28.53
365.86;-106.0;28.53
366.58;-104.0;28.52
367.43;-104.0;28.52
368.15;-106.0;28.53
368.87;-100.0;28.5
369.58;-100.0;28.5
370.44;-104.0;28.52
371.15;-104.0;28.52
371.87;-100.0;28.5
372.59;-98.0;28.49
373.45;-100.0;28.5
374.16;-100.0;28.5
374.88;-98.0;28.49
375.6;-98.0;28.49
376.45;-98.0;28.49
377.17;-92.0;28.46
377.89;-96.0;28.48
378.61;-92.0;28.46
379.46;-96.0;28.48
380.18;-92.0;28.46
380.9;-96.0;28.48
381.62;-92.0;28.46
382.47;-86.0;28.43
383.19;-92.0;28.46
383.92;-90.0;28.45
384.64;-86.0;28.43
385.48;-90.0;28.45
386.2;-90.0;28.45
386.92;-84.0;28.42
387.64;-84.0;28.42
388.49;-84.0;28.42
389.21;-82.0;28.41
389.93;-84.0;28.42
390.65;-82.0;28.41
391.5;-82.0;28.41
392.22;-78.0;28.39
392.94;-82.0;28.41
393.66;-78.0;28.39
394.51;-76.0;28.38
395.23;-76.0;28.38
395.95;-72.0;28.36
396.67;-72.0;28.36
397.52;-76.0;28.38
398.24;-76.0;28.38
398.96;-72.0;28.36
399.67;-70.0;28.35
400.53;-70.0;28.35
401.25;-68.0;28.34
401.96;-70.0;28.35
402.68;-64.0;28.32
403.54;-68.0;28.34
404.26;-64.0;28.32
404.97;-64.0;28.32
405.7;-70.0;28.35
406.55;-64.0;28.32
407.26;-62.0;28.31
407.98;-64.0;28.32
408.7;-62.0;28.31
409.55;-60.0;28.3
410.28;-60.0;28.3
411.0;-60.0;28.3
411.71;-56.0;28.28
412.56;-56.0;28.28
413.28;-54.0;28.27
414.0;-60.0;28.3
414.72;-54.0;28.27
415.57;-56.0;28.28
416.29;-54.0;28.27
417.01;-54.0;28.27
417.73;-48.0;28.24
418.58;-50.0;28.25
419.3;-46.0;28.23
420.02;-46.0;28.23
420.74;-48.0;28.24
421.59;-40.0;28.2
422.31;-46.0;28.23
423.03;-40.0;28.2
423.75;-42.0;28.21
424.6;-40.0;28.2
425.32;-40.0;28.2
426.04;-36.0;28.18
426.76;-36.0;28.18
427.61;-36.0;28.18
428.33;-36.0;28.18
429.05;-36.0;28.18
429.77;-34.0;28.17
430.62;-30.0;28.15
431.34;-28.0;28.14
432.06;-28.0;28.14
432.78;-28.0;28.14
433.63;-26.0;28.13
434.35;-26.0;28.13
435.06;-28.0;28.14
435.78;-22.0;28.11
436.64;-26.0;28.13
437.35;-20.0;28.1
438.07;-16.0;28.08
438.79;-20.0;28.1
439.65;-16.0;28.08
440.36;-16.0;28.08
441.08;-14.0;28.07
441.8;-14.0;28.07
442.66;-14.0;28.07
443.38;-14.0;28.07
444.09;-16.0;28.08
444.81;-12.0;28.06
445.67;-12.0;28.06
446.38;-8.0;28.04
447.1;-2.0;28.01
447.82;-6.0;28.03
448.67;-2.0;28.01
449.39;-2.0;28.01
450.11;-6.0;28.03
450.83;-2.0;28.01
451.68;2.0;27.99
452.4;0.0;28.0
453.12;2.0;27.99
453.84;0.0;28.0
454.69;12.0;27.94
455.42;8.0;27.96
456.14;8.0;27.96
456.85;2.0;27.99
457.7;8.0;27.96
458.42;6.0;27.97
459.14;8.0;27.96
459.86;12.0;27.94
460.71;14.0;27.93
461.43;18.0;27.91
462.15;8.0;27.96
462.87;12.0;27.94
463.72;18.0;27.91
464.44;14.0;27.93
465.16;20.0;27.9
465.88;22.0;27.89
466.73;22.0;27.89
467.45;22.0;27.89
468.17;22.0;27.89
468.89;28.0;27.86
469.74;26.0;27.87
470.46;32.0;27.84
471.18;26.0;27.87
471.9;32.0;27.84
472.75;28.0;27.86
473.47;34.0;27.83
474.18;32.0;27.84
474.9;38.0;27.81
475.76;34.0;27.83
476.48;34.0;27.83
477.2;34.0;27.83
477.91;40.0;27.8
478.77;38.0;27.81
479.48;42.0;27.79
480.2;40.0;27.8
480.92;46.0;27.77
481.78;46.0;27.77
482.49;48.0;27.76
483.21;42.0;27.79
483.93;48.0;27.76
484.79;48.0;27.76
485.51;50.0;27.75
486.22;50.0;27.75
486.94;50.0;27.75
487.79;48.0;27.76
488.51;50.0;27.75
489.23;56.0;27.72
489.95;54.0;27.73
490.81;60.0;27.7
491.53;56.0;27.72
492.25;56.0;27.72
492.97;60.0;27.7
493.81;64.0;27.68
494.53;62.0;27.69
495.25;62.0;27.69
495.97;64.0;27.68
496.83;64.0;27.68
497.55;64.0;27.68
498.27;64.0;27.68
499.0;60.0;27.7
499.83;64.0;27.68
500.55;74.0;27.63
501.27;62.0;27.69
501.99;70.0;27.65
502.84;70.0;27.65
503.56;68.0;27.66
504.28;74.0;27.63
505.0;70.0;27.65
505.85;70.0;27.65
506.57;76.0;27.62
507.29;76.0;27.62
508.01;74.0;27.63
508.86;74.0;27.63
509.58;74.0;27.63
510.3;78.0;27.61
511.02;76.0;27.62
511.87;78.0;27.61
512.59;78.0;27.61
513.31;78.0;27.61
514.03;78.0;27.61
514.88;84.0;27.58
515.6;76.0;27.62
516.32;84.0;27.58
517.04;84.0;27.58
517.89;88.0;27.56
518.61;78.0;27.61
519.33;84.0;27.58
520.05;84.0;27.58
520.9;82.0;27.59
521.62;82.0;27.59
522.34;84.0;27.58
523.06;88.0;27.56
523.91;88.0;27.56
524.63;88.0;27.56
525.35;84.0;27.58
526.06;82.0;27.59
526.92;78.0;27.61
527.64;82.0;27.59
528.36;88.0;27.56
529.08;88.0;27.56
529.93;84.0;27.58
530.65;88.0;27.56
531.37;92.0;27.54
532.09;82.0;27.59
532.94;88.0;27.56
533.66;82.0;27.59
534.38;88.0;27.56
535.1;90.0;27.55
535.95;88.0;27.56
536.67;84.0;27.58
537.39;90.0;27.55
538.11;84.0;27.58
538.96;90.0;27.55
539.68;84.0;27.58
540.4;84.0;27.58
541.12;88.0;27.56
541.97;84.0;27.58
542.69;82.0;27.59
543.41;88.0;27.56
544.13;84.0;27.58
544.98;84.0;27.58
545.7;84.0;27.58
546.42;84.0;27.58
547.13;84.0;27.58
547.99;84.0;27.58
548.71;78.0;27.61
549.43;78.0;27.61
550.15;84.0;27.58
551.0;82.0;27.59
551.72;84.0;27.58
552.44;78.0;27.61
553.15;82.0;27.59
554.01;78.0;27.61
554.72;82.0;27.59
555.44;78.0;27.61
556.16;74.0;27.63
557.02;74.0;27.63
557.74;76.0;27.62
558.45;74.0;27.63
559.17;82.0;27.59
560.03;76.0;27.62
560.75;78.0;27.61
561.47;74.0;27.63
562.19;76.0;27.62
563.04;76.0;27.62
563.75;70.0;27.65
564.47;70.0;27.65
565.19;74.0;27.63
566.05;74.0;27.63
566.76;70.0;27.65
567.48;74.0;27.63
568.2;70.0;27.65
569.06;70.0;27.65
569.77;70.0;27.65
570.49;68.0;27.66
571.21;64.0;27.68
572.07;64.0;27.68
572.78;62.0;27.69
573.5;60.0;27.7
574.22;64.0;27.68
575.07;62.0;27.69
575.79;62.0;27.69
576.51;60.0;27.7
577.23;54.0;27.73
578.08;54.0;27.73
578.8;54.0;27.73
579.52;56.0;27.72
580.24;56.0;27.72
581.09;54.0;27.73
581.81;54.0;27.73
582.53;54.0;27.73
583.25;56.0;27.72
584.1;54.0;27.73
584.82;50.0;27.75
585.54;50.0;27.75
586.26;48.0;27.76
587.11;50.0;27.75
587.83;50.0;27.75
588.55;50.0;27.75
589.27;46.0;27.77
590.12;48.0;27.76
590.84;46.0;27.77
591.56;46.0;27.77
592.28;42.0;27.79
593.13;46.0;27.77
593.85;42.0;27.79
594.57;38.0;27.81
595.29;40.0;27.8
596.14;38.0;27.81
596.86;38.0;27.81
597.58;40.0;27.8
598.3;38.0;27.81
599.15;38.0;27.81
599.87;34.0;27.83
600.59;34.0;27.83
601.31;32.0;27.84
602.16;34.0;27.83
602.88;28.0;27.86
603.6;32.0;27.84
604.32;32.0;27.84
605.17;32.0;27.84
605.89;28.0;27.86
606.62;28.0;27.86
607.33;26.0;27.87
608.18;20.0;27.9
608.9;20.0;27.9
609.62;22.0;27.89
610.34;26.0;27.87
611.19;20.0;27.9
611.91;20.0;27.9
612.63;20.0;27.9
613.35;18.0;27.91
614.2;20.0;27.9
614.92;18.0;27.91
615.64;14.0;27.93
616.35;14.0;27.93
617.21;18.0;27.91
617.93;8.0;27.96
618.65;14.0;27.93
619.37;14.0;27.93
620.22;12.0;27.94
620.94;8.0;27.96
621.66;8.0;27.96
622.38;8.0;27.96
623.23;14.0;27.93
623.95;8.0;27.96
624.67;12.0;27.94
625.39;8.0;27.96
626.24;6.0;27.97
626.96;8.0;27.96
627.67;2.0;27.99
628.39;2.0;27.99
629.25;2.0;27.99
629.97;0.0;28.0
630.68;0.0;28.0
631.4;2.0;27.99
632.26;-2.0;28.01
632.98;-2.0;28.01
633.71;-2.0;28.01
634.43;-2.0;28.01
635.27;0.0;28.0
635.99;-2.0;28.01
636.71;-6.0;28.03
637.42;-8.0;28.04
638.28;-6.0;28.03
639.0;-6.0;28.03
639.71;-6.0;28.03
640.43;-6.0;28.03
641.29;-6.0;28.03
642.01;-6.0;28.03
642.73;-8.0;28.04
643.44;-6.0;28.03
644.3;-6.0;28.03
645.01;-8.0;28.04
645.73;-8.0;28.04
646.45;-8.0;28.04
647.31;-12.0;28.06
648.02;-8.0;28.04
648.74;-8.0;28.04
649.46;-14.0;28.07
650.32;-8.0;28.04
651.03;-12.0;28.06
651.75;-6.0;28.03
652.48;-12.0;28.06
653.33;-12.0;28.06
654.04;-12.0;28.06
654.76;-14.0;28.07
655.48;-12.0;28.06
656.34;-14.0;28.07
657.06;-12.0;28.06
657.78;-16.0;28.08
658.5;-14.0;28.07
659.34;-16.0;28.08
660.06;-16.0;28.08
660.78;-14.0;28.07
661.5;-12.0;28.06
662.35;-14.0;28.07
663.07;-16.0;28.08
663.8;-14.0;28.07
664.52;-14.0;28.07
665.36;-16.0;28.08
666.08;-16.0;28.08
666.8;-14.0;28.07
667.52;-14.0;28.07
668.37;-8.0;28.04
669.09;-14.0;28.07
669.81;-8.0;28.04
670.53;-16.0;28.08
671.38;-14.0;28.07
672.1;-14.0;28.07
672.82;-14.0;28.07
673.54;-12.0;28.06
674.39;-16.0;28.08
675.11;-16.0;28.08
675.83;-16.0;28.08
676.55;-16.0;28.08
677.4;-14.0;28.07
678.12;-16.0;28.08
678.84;-16.0;28.08
679.56;-12.0;28.06
680.41;-12.0;28.06
681.13;-14.0;28.07
681.85;-14.0;28.07
682.57;-14.0;28.07
683.42;-12.0;28.06
684.14;-16.0;28.08
684.86;-14.0;28.07
685.58;-14.0;28.07
686.43;-16.0;28.08
687.15;-14.0;28.07
687.87;-12.0;28.06
688.59;-12.0;28.06
689.44;-8.0;28.04
690.16;-12.0;28.06
690.88;-12.0;28.06
691.6;-12.0;28.06
692.45;-12.0;28.06
693.17;-12.0;28.06
693.89;-12.0;28.06
694.6;-8.0;28.04
695.46;-12.0;28.06
696.18;-12.0;28.06
696.9;-8.0;28.04
697.61;-8.0;28.04
698.47;-6.0;28.03
699.19;-8.0;28.04
699.91;-8.0;28.04
700.64;-8.0;28.04
701.48;-12.0;28.06
702.2;-6.0;28.03
702.93;-8.0;28.04
703.65;-6.0;28.03
704.49;-6.0;28.03
705.21;-8.0;28.04
705.93;-6.0;28.03
706.64;-6.0;28.03
707.5;-2.0;28.01
708.22;-6.0;28.03
708.94;2.0;27.99
709.65;0.0;28.0
710.51;2.0;27.99
711.23;-6.0;28.03
711.95;-6.0;28.03
712.67;2.0;27.99
713.51;2.0;27.99
714.23;0.0;28.0
714.95;2.0;27.99
715.68;0.0;28.0
716.52;6.0;27.97
717.24;2.0;27.99
717.96;6.0;27.97
718.68;2.0;27.99
719.53;6.0;27.97
720.25;6.0;27.97
720.97;6.0;27.97
721.69;6.0;27.97
722.54;8.0;27.96
723.26;8.0;27.96
723.98;8.0;27.96
724.7;12.0;27.94
725.55;14.0;27.93
726.27;12.0;27.94
726.99;12.0;27.94
727.71;14.0;27.93
728.56;12.0;27.94
729.28;12.0;27.94
730.0;14.0;27.93
730.72;12.0;27.94
731.57;14.0;27.93
732.29;18.0;27.91
733.01;14.0;27.93
733.73;14.0;27.93
734.58;20.0;27.9
735.3;22.0;27.89
736.02;20.0;27.9
736.74;20.0;27.9
737.59;20.0;27.9
738.31;20.0;27.9
739.03;26.0;27.87
739.75;26.0;27.87
740.6;22.0;27.89
741.32;22.0;27.89
742.05;28.0;27.86
742.77;32.0;27.84
743.61;26.0;27.87
744.33;26.0;27.87
745.05;26.0;27.87
745.77;26.0;27.87
746.62;34.0;27.83
747.34;34.0;27.83
748.06;28.0;27.86
748.78;32.0;27.84
749.63;28.0;27.86
750.35;28.0;27.86
751.07;38.0;27.81
751.78;32.0;27.84
752.64;38.0;27.81
753.36;38.0;27.81
754.08;38.0;27.81
754.8;38.0;27.81
755.65;40.0;27.8
756.37;40.0;27.8
757.09;38.0;27.81
757.81;40.0;27.8
758.66;42.0;27.79
759.38;38.0;27.81
760.09;40.0;27.8
760.81;40.0;27.8
761.67;42.0;27.79
762.39;40.0;27.8
763.1;40.0;27.8
763.82;46.0;27.77
764.68;42.0;27.79
765.4;48.0;27.76
766.11;48.0;27.76
766.83;48.0;27.76
767.69;42.0;27.79
768.41;46.0;27.77
769.12;48.0;27.76
769.84;46.0;27.77
770.7;50.0;27.75
771.42;48.0;27.76
772.14;46.0;27.77
772.85;50.0;27.75
773.71;54.0;27.73
774.43;54.0;27.73
775.15;54.0;27.73
775.87;56.0;27.72
776.72;54.0;27.73
777.44;60.0;27.7
778.15;56.0;27.72
778.87;56.0;27.72
779.73;60.0;27.7
780.44;54.0;27.73
781.16;56.0;27.72
781.88;56.0;27.72
782.74;56.0;27.72
783.45;62.0;27.69
784.17;56.0;27.72
784.89;60.0;27.7
785.75;60.0;27.7
786.46;56.0;27.72
787.18;62.0;27.69
787.9;62.0;27.69
788.76;60.0;27.7
789.48;62.0;27.69
790.21;60.0;27.7
790.93;60.0;27.7
791.76;64.0;27.68
792.48;60.0;27.7
793.2;62.0;27.69
793.92;64.0;27.68
794.77;60.0;27.7
795.49;60.0;27.7
796.21;68.0;27.66
796.93;64.0;27.68
797.78;62.0;27.69
798.5;62.0;27.69
799.22;68.0;27.66
799.94;64.0;27.68
800.79;68.0;27.66
801.51;64.0;27.68
802.23;64.0;27.68
802.95;64.0;27.68
803.8;64.0;27.68
804.52;68.0;27.66
805.24;64.0;27.68
805.96;70.0;27.65
806.81;70.0;27.65
807.53;64.0;27.68
808.25;64.0;27.68
808.97;68.0;27.66
809.82;68.0;27.66
810.54;64.0;27.68
811.26;68.0;27.66
811.98;68.0;27.66
812.83;68.0;27.66
813.55;68.0;27.66
814.27;70.0;27.65
814.99;68.0;27.66
815.84;68.0;27.66
816.56;68.0;27.66
817.28;64.0;27.68
818.0;64.0;27.68
818.85;64.0;27.68
819.57;64.0;27.68
820.29;70.0;27.65
821.01;64.0;27.68
821.86;68.0;27.66
822.58;64.0;27.68
823.3;68.0;27.66
824.02;62.0;27.69
824.87;62.0;27.69
825.59;64.0;27.68
826.31;68.0;27.66
827.03;64.0;27.68
827.88;64.0;27.68
828.6;64.0;27.68
829.32;62.0;27.69
830.04;64.0;27.68
830.89;64.0;27.68
831.61;64.0;27.68
832.33;64.0;27.68
833.05;62.0;27.69
833.9;62.0;27.69
834.62;60.0;27.7
835.34;68.0;27.66
836.06;62.0;27.69
836.91;62.0;27.69
837.63;64.0;27.68
838.35;60.0;27.7
839.07;62.0;27.69
839.92;64.0;27.68
840.64;60.0;27.7
841.36;56.0;27.72
842.07;60.0;27.7
842.93;56.0;27.72
843.65;62.0;27.69
844.37;60.0;27.7
845.1;54.0;27.73
845.94;62.0;27.69
846.66;60.0;27.7
847.38;54.0;27.73
848.1;56.0;27.72
848.95;56.0;27.72
849.67;56.0;27.72
850.39;50.0;27.75
851.11;54.0;27.73
851.96;56.0;27.72
852.68;50.0;27.75
853.4;46.0;27.77
854.12;50.0;27.75
854.97;50.0;27.75
855.69;48.0;27.76
856.41;50.0;27.75
857.13;50.0;27.75
857.98;50.0;27.75
858.7;50.0;27.75
859.42;46.0;27.77
860.13;48.0;27.76
860.99;48.0;27.76
861.71;46.0;27.77
862.42;46.0;27.77
863.14;42.0;27.79
864.0;46.0;27.77
864.72;42.0;27.79
865.44;40.0;27.8
866.16;42.0;27.79
867.01;42.0;27.79
867.73;40.0;27.8
868.45;42.0;27.79
869.17;40.0;27.8
870.02;42.0;27.79
870.74;38.0;27.81
871.46;40.0;27.8
872.17;38.0;27.81
873.03;34.0;27.83
873.74;38.0;27.81
874.46;34.0;27.83
875.18;34.0;27.83
876.04;32.0;27.84
876.75;34.0;27.83
877.47;34.0;27.83
878.19;38.0;27.81
879.05;32.0;27.84
879.76;32.0;27.84
880.48;34.0;27.83
881.2;32.0;27.84
882.06;22.0;27.89
882.77;32.0;27.84
883.5;28.0;27.86
884.22;28.0;27.86
885.07;32.0;27.84
885.79;28.0;27.86
886.5;26.0;27.87
887.22;22.0;27.89
888.07;26.0;27.87
888.79;26.0;27.87
889.51;22.0;27.89
890.23;22.0;27.89
891.08;26.0;27.87
891.8;26.0;27.87
892.52;26.0;27.87
893.24;22.0;27.89
894.09;26.0;27.87
894.81;22.0;27.89
895.53;20.0;27.9
896.25;20.0;27.9
897.1;22.0;27.89
897.82;20.0;27.9
898.54;20.0;27.9
899.26;22.0;27.89
900.11;18.0;27.91
900.83;18.0;27.91
901.55;14.0;27.93
902.27;14.0;27.93
903.12;14.0;27.93
903.84;14.0;27.93
904.56;12.0;27.94
905.28;14.0;27.93
906.13;14.0;27.93
906.85;14.0;27.93
907.57;8.0;27.96
908.29;12.0;27.94
909.14;8.0;27.96
909.86;14.0;27.93
910.58;12.0;27.94
911.3;12.0;27.94
912.15;12.0;27.94
912.87;12.0;27.94
913.59;12.0;27.94
914.31;8.0;27.96
915.16;6.0;27.97
915.88;6.0;27.97
916.6;6.0;27.97
917.32;0.0;28.0
918.17;12.0;27.94
918.89;6.0;27.97
919.61;8.0;27.96
920.33;2.0;27.99
921.18;6.0;27.97
921.9;2.0;27.99
922.62;2.0;27.99
923.34;6.0;27.97
924.19;2.0;27.99
924.91;0.0;28.0
925.63;6.0;27.97
926.35;0.0;28.0
927.2;2.0;27.99
927.92;2.0;27.99
928.64;2.0;27.99
929.35;2.0;27.99
930.21;2.0;27.99
930.93;-2.0;28.01
931.65;2.0;27.99
932.36;2.0;27.99
933.22;-2.0;28.01
933.94;-2.0;28.01
934.66;2.0;27.99
935.38;2.0;27.99
936.23;2.0;27.99
936.95;0.0;28.0
937.67;0.0;28.0
938.38;-2.0;28.01
939.24;0.0;28.0
939.96;0.0;28.0
940.67;0.0;28.0
941.39;-2.0;28.01
942.25;0.0;28.0
942.97;0.0;28.0
943.69;-6.0;28.03
944.41;-2.0;28.01
945.26;-2.0;28.01
945.98;-6.0;28.03
946.69;0.0;28.0
947.41;0.0;28.0
948.27;0.0;28.0
948.98;0.0;28.0
949.7;-2.0;28.01
950.43;2.0;27.99
951.28;-2.0;28.01
952.0;0.0;28.0
952.72;0.0;28.0
953.43;6.0;27.97
954.29;2.0;27.99
955.01;0.0;28.0
955.72;0.0;28.0
956.44;6.0;27.97
957.3;-2.0;28.01
958.02;0.0;28.0
958.74;2.0;27.99
959.45;0.0;28.0
960.31;2.0;27.99
961.02;0.0;28.0
961.74;-2.0;28.01
962.46;6.0;27.97
963.32;2.0;27.99
964.03;0.0;28.0
964.75;6.0;27.97
965.47;2.0;27.99
966.32;6.0;27.97
967.04;6.0;27.97
967.76;2.0;27.99
968.48;2.0;27.99
969.33;6.0;27.97
970.05;2.0;27.99
970.77;2.0;27.99
971.49;6.0;27.97
972.34;6.0;27.97
973.06;8.0;27.96
973.78;6.0;27.97
974.5;2.0;27.99
975.35;6.0;27.97
976.07;8.0;27.96
976.79;8.0;27.96
977.51;8.0;27.96
978.36;8.0;27.96
979.08;14.0;27.93
979.8;8.0;27.96
980.52;14.0;27.93
981.37;6.0;27.97
982.09;12.0;27.94
982.81;8.0;27.96
983.53;14.0;27.93
984.38;12.0;27.94
985.1;14.0;27.93
985.82;12.0;27.94
986.54;12.0;27.94
987.39;12.0;27.94
988.11;12.0;27.94
988.83;20.0;27.9
989.55;18.0;27.91
990.4;20.0;27.9
991.12;18.0;27.91
991.84;14.0;27.93
992.56;20.0;27.9
993.41;20.0;27.9
994.13;18.0;27.91
994.85;20.0;27.9
995.57;20.0;27.9
996.42;18.0;27.91
997.14;20.0;27.9
997.86;22.0;27.89
998.58;20.0;27.9
999.43;22.0;27.89
1000.15;22.0;27.89
1000.87;20.0;27.9
1001.59;20.0;27.9
1002.44;22.0;27.89
1003.16;22.0;27.89
1003.88;26.0;27.87
1004.6;22.0;27.89
1005.45;26.0;27.87
1006.17;28.0;27.86
1006.89;28.0;27.86
1007.6;22.0;27.89
1008.46;26.0;27.87
1009.18;26.0;27.87
1009.89;26.0;27.87
1010.61;26.0;27.87
1011.47;32.0;27.84
1012.19;32.0;27.84
1012.9;34.0;27.83
1013.62;32.0;27.84
1014.48;32.0;27.84
1015.2;28.0;27.86
1015.91;28.0;27.86
1016.63;32.0;27.84
1017.49;34.0;27.83
1018.2;34.0;27.83
1018.92;34.0;27.83
1019.64;40.0;27.8
1020.5;40.0;27.8
1021.21;34.0;27.83
1021.93;38.0;27.81
1022.65;46.0;27.77
1023.51;40.0;27.8
1024.22;40.0;27.8
1024.94;42.0;27.79
1025.66;42.0;27.79
1026.52;42.0;27.79
1027.23;38.0;27.81
1027.95;46.0;27.77
1028.67;38.0;27.81
1029.53;40.0;27.8
1030.24;46.0;27.77
1030.96;46.0;27.77
1031.68;48.0;27.76
1032.53;46.0;27.77
1033.25;46.0;27.77
1033.97;46.0;27.77
1034.69;46.0;27.77
1035.54;46.0;27.77
1036.26;46.0;27.77
1036.98;48.0;27.76
1037.7;42.0;27.79
1038.55;46.0;27.77
1039.27;48.0;27.76
1039.99;50.0;27.75
1040.71;48.0;27.76
1041.56;48.0;27.76
1042.28;48.0;27.76
1043.0;48.0;27.76
1043.72;46.0;27.77
1044.57;48.0;27.76
1045.29;48.0;27.76
1046.01;48.0;27.76
1046.73;50.0;27.75
1047.58;50.0;27.75
1048.3;50.0;27.75
1049.02;50.0;27.75
1049.74;50.0;27.75
1050.59;50.0;27.75
1051.31;50.0;27.75
1052.03;50.0;27.75
1052.75;54.0;27.73
1053.6;54.0;27.73
1054.32;50.0;27.75
1055.04;54.0;27.73
1055.76;54.0;27.73
1056.61;56.0;27.72
1057.33;54.0;27.73
1058.05;56.0;27.72
1058.77;56.0;27.72
1059.62;54.0;27.73
1060.35;56.0;27.72
1061.07;50.0;27.75
1061.79;56.0;27.72
1062.63;60.0;27.7
1063.35;56.0;27.72
1064.07;56.0;27.72
1064.79;56.0;27.72
1065.64;54.0;27.73
1066.36;60.0;27.7
1067.08;56.0;27.72
1067.8;56.0;27.72
1068.65;54.0;27.73
1069.37;62.0;27.69
1070.09;56.0;27.72
1070.81;60.0;27.7
1071.66;56.0;27.72
1072.38;60.0;27.7
1073.1;56.0;27.72
1073.82;62.0;27.69
1074.67;54.0;27.73
1075.39;56.0;27.72
1076.11;54.0;27.73
1076.82;54.0;27.73
1077.68;54.0;27.73
1078.4;56.0;27.72
1079.12;62.0;27.69
1079.83;60.0;27.7
1080.69;56.0;27.72
1081.41;54.0;27.73
1082.13;60.0;27.7
1082.84;56.0;27.72
1083.7;60.0;27.7
1084.42;56.0;27.72
1085.14;60.0;27.7
1085.85;54.0;27.73
1086.71;60.0;27.7
1087.43;62.0;27.69
1088.15;56.0;27.72
1088.86;56.0;27.72
1089.72;60.0;27.7
1090.44;56.0;27.72
1091.16;56.0;27.72
1091.88;56.0;27.72
1092.73;56.0;27.72
1093.45;56.0;27.72
1094.17;60.0;27.7
1094.89;50.0;27.75
1095.74;54.0;27.73
1096.46;56.0;27.72
1097.18;56.0;27.72
1097.9;54.0;27.73
1098.75;56.0;27.72
1099.47;56.0;27.72
1100.19;60.0;27.7
1100.91;56.0;27.72
1101.76;60.0;27.7
1102.48;48.0;27.76
1103.2;54.0;27.73
1103.92;56.0;27.72
1104.77;50.0;27.75
1105.49;56.0;27.72
1106.21;54.0;27.73
1106.93;54.0;27.73
1107.78;48.0;27.76
1108.5;50.0;27.75
1109.22;54.0;27.73
1109.93;54.0;27.73
1110.79;54.0;27.73
1111.51;54.0;27.73
1112.23;50.0;27.75
1112.94;48.0;27.76
1113.8;48.0;27.76
1114.52;48.0;27.76
1115.24;46.0;27.77
1115.95;48.0;27.76
1116.81;46.0;27.77
1117.53;48.0;27.76
1118.25;48.0;27.76
1118.96;48.0;27.76
1119.82;46.0;27.77
1120.54;48.0;27.76
1121.26;42.0;27.79
1121.97;42.0;27.79
1122.83;42.0;27.79
1123.55;46.0;27.77
1124.27;42.0;27.79
1124.99;46.0;27.77
1125.84;42.0;27.79
1126.56;46.0;27.77
1127.27;42.0;27.79
1127.99;40.0;27.8
1128.85;40.0;27.8
1129.56;42.0;27.79
1130.28;46.0;27.77
1131.0;38.0;27.81
1131.86;42.0;27.79
1132.58;42.0;27.79
1133.29;38.0;27.81
1134.01;38.0;27.81
1134.87;38.0;27.81
1135.59;40.0;27.8
1136.3;34.0;27.83
1137.02;38.0;27.81
1137.88;34.0;27.83
1138.59;40.0;27.8
1139.31;38.0;27.81
1140.03;34.0;27.83
1140.89;34.0;27.83
1141.61;34.0;27.83
1142.33;34.0;27.83
1143.04;38.0;27.81
1143.9;32.0;27.84
1144.61;32.0;27.84
1145.33;32.0;27.84
1146.05;32.0;27.84
1146.91;34.0;27.83
1147.62;32.0;27.84
1148.34;26.0;27.87
1149.06;28.0;27.86
1149.92;28.0;27.86
1150.63;34.0;27.83
1151.35;26.0;27.87
1152.07;28.0;27.86
1152.92;26.0;27.87
1153.64;22.0;27.89
1154.36;28.0;27.86
1155.08;28.0;27.86
1155.93;28.0;27.86
1156.65;20.0;27.9
1157.37;28.0;27.86
1158.09;22.0;27.89
1158.94;22.0;27.89
1159.66;20.0;27.9
1160.38;20.0;27.9
1161.1;22.0;27.89
1161.95;22.0;27.89
1162.67;20.0;27.9
1163.39;26.0;27.87
1164.11;22.0;27.89
1164.96;20.0;27.9
1165.68;22.0;27.89
1166.4;20.0;27.9
1167.12;20.0;27.9
1167.97;20.0;27.9
1168.69;18.0;27.91
1169.41;20.0;27.9
1170.13;18.0;27.91
1170.98;14.0;27.93
1171.7;14.0;27.93
1172.43;14.0;27.93
1173.14;14.0;27.93
1173.99;18.0;27.91
1174.71;12.0;27.94
1175.43;12.0;27.94
1176.15;14.0;27.93
1177.0;12.0;27.94
1177.72;8.0;27.96
1178.44;12.0;27.94
1179.16;8.0;27.96
1180.01;14.0;27.93
1180.73;8.0;27.96
1181.45;8.0;27.96
1182.17;8.0;27.96
1183.02;8.0;27.96
1183.74;12.0;27.94
1184.46;12.0;27.94
1185.18;12.0;27.94
1186.03;6.0;27.97
1186.75;8.0;27.96
1187.47;8.0;27.96
1188.19;12.0;27.94
1189.04;8.0;27.96
1189.76;8.0;27.96
1190.48;6.0;27.97
1191.2;8.0;27.96
1192.05;12.0;27.94
1192.77;8.0;27.96
1193.49;6.0;27.97
1194.21;6.0;27.97
1195.06;8.0;27.96
1195.78;6.0;27.97
1196.5;8.0;27.96
1197.22;8.0;27.96
1198.07;6.0;27.97
1198.79;6.0;27.97
1199.51;8.0;27.96
1200.23;6.0;27.97
1201.08;0.0;28.0
1201.8;6.0;27.97
1202.52;8.0;27.96
1203.23;2.0;27.99
1204.09;6.0;27.97
1204.81;12.0;27.94
1205.53;2.0;27.99
1206.25;8.0;27.96
1207.1;6.0;27.97
1207.82;2.0;27.99
1208.54;8.0;27.96
1209.26;2.0;27.99
1210.11;2.0;27.99
1210.83;2.0;27.99
1211.55;0.0;28.0
1212.27;6.0;27.97
1213.12;6.0;27.97
1213.84;8.0;27.96
1214.55;6.0;27.97
1215.27;0.0;28.0
1216.13;6.0;27.97
1216.85;8.0;27.96
1217.57;6.0;27.97
1218.28;2.0;27.99
1219.14;6.0;27.97
1219.86;6.0;27.97
1220.58;6.0;27.97
1221.29;2.0;27.99
1222.15;2.0;27.99
1222.87;6.0;27.97
1223.58;12.0;27.94
1224.3;6.0;27.97
1225.16;0.0;28.0
1225.88;2.0;27.99
1226.6;6.0;27.97
1227.31;6.0;27.97
1228.17;8.0;27.96
1228.89;2.0;27.99
1229.61;8.0;27.96
1230.32;2.0;27.99
1231.18;6.0;27.97
1231.89;8.0;27.96
1232.61;8.0;27.96
1233.33;12.0;27.94
1234.19;14.0;27.93
1234.9;12.0;27.94
1235.62;12.0;27.94
1236.34;6.0;27.97
1237.2;8.0;27.96
1237.91;12.0;27.94
1238.63;6.0;27.97
1239.35;8.0;27.96
1240.21;12.0;27.94
1240.92;14.0;27.93
1241.64;12.0;27.94
1242.36;12.0;27.94
1243.22;12.0;27.94
1243.93;14.0;27.93
1244.65;14.0;27.93
1245.37;14.0;27.93
1246.22;18.0;27.91
1246.94;14.0;27.93
1247.66;20.0;27.9
1248.38;14.0;27.93
1249.23;14.0;27.93
1249.95;14.0;27.93
1250.67;18.0;27.91
1251.39;18.0;27.91
1252.24;14.0;27.93
1252.96;14.0;27.93
1253.68;14.0;27.93
1254.4;20.0;27.9
1255.25;18.0;27.91
1255.97;20.0;27.9
1256.69;18.0;27.91
1257.41;18.0;27.91
1258.26;20.0;27.9
1258.98;20.0;27.9
1259.7;20.0;27.9
1260.42;22.0;27.89
1261.27;20.0;27.9
1261.99;22.0;27.89
1262.71;28.0;27.86
1263.43;22.0;27.89
1264.28;26.0;27.87
1265.0;22.0;27.89
1265.72;26.0;27.87
1266.44;28.0;27.86
1267.29;26.0;27.87
1268.01;32.0;27.84
1268.73;28.0;27.86
1269.45;26.0;27.87
1270.3;26.0;27.87
1271.02;26.0;27.87
1271.74;34.0;27.83
1272.46;22.0;27.89
1273.31;28.0;27.86
1274.03;34.0;27.83
1274.75;32.0;27.84
1275.47;26.0;27.87
1276.32;32.0;27.84
1277.04;32.0;27.84
1277.76;28.0;27.86
1278.48;32.0;27.84
1279.33;34.0;27.83
1280.05;34.0;27.83
1280.77;32.0;27.84
1281.49;32.0;27.84
1282.34;34.0;27.83
1283.06;34.0;27.83
1283.78;34.0;27.83
1284.5;38.0;27.81
1285.35;38.0;27.81
1286.07;34.0;27.83
1286.79;34.0;27.83
1287.5;38.0;27.81
1288.36;38.0;27.81
1289.08;38.0;27.81
1289.8;34.0;27.83
1290.51;38.0;27.81
1291.37;40.0;27.8
1292.09;38.0;27.81
1292.81;38.0;27.81
1293.52;46.0;27.77
1294.38;40.0;27.8
1295.11;40.0;27.8
1295.84;46.0;27.77
1296.55;40.0;27.8
1297.39;40.0;27.8
1298.12;42.0;27.79
1298.84;42.0;27.79
1299.56;40.0;27.8
1300.4;46.0;27.77
1301.12;40.0;27.8
1301.84;40.0;27.8
1302.56;42.0;27.79
1303.41;42.0;27.79
1304.13;48.0;27.76
1304.85;46.0;27.77
1305.56;42.0;27.79
1306.42;46.0;27.77
1307.14;46.0;27.77
1307.86;48.0;27.76
1308.57;48.0;27.76
1309.43;50.0;27.75
1310.15;50.0;27.75
1310.87;42.0;27.79
1311.59;50.0;27.75
1312.44;46.0;27.77
1313.16;48.0;27.76
1313.87;46.0;27.77
1314.59;46.0;27.77
1315.45;48.0;27.76
1316.16;54.0;27.73
1316.88;48.0;27.76
1317.6;50.0;27.75
1318.46;50.0;27.75
1319.17;46.0;27.77
1319.89;48.0;27.76
1320.62;46.0;27.77
1321.47;50.0;27.75
1322.18;54.0;27.73
1322.9;48.0;27.76
1323.62;50.0;27.75
1324.48;48.0;27.76
1325.2;54.0;27.73
1325.91;48.0;27.76
1326.63;50.0;27.75
1327.48;56.0;27.72
1328.2;50.0;27.75
1328.92;50.0;27.75
1329.64;50.0;27.75
1330.49;48.0;27.76
1331.21;50.0;27.75
1331.93;54.0;27.73
1332.65;56.0;27.72
1333.5;48.0;27.76
1334.22;50.0;27.75
1334.94;50.0;27.75
1335.66;50.0;27.75
1336.51;50.0;27.75
1337.23;50.0;27.75
1337.95;48.0;27.76
1338.67;48.0;27.76
1339.52;48.0;27.76
1340.24;54.0;27.73
1340.96;50.0;27.75
1341.68;54.0;27.73
1342.53;50.0;27.75
1343.25;54.0;27.73
1343.97;50.0;27.75
1344.69;46.0;27.77
1345.54;54.0;27.73
1346.26;50.0;27.75
1346.98;50.0;27.75
1347.7;50.0;27.75
1348.55;54.0;27.73
1349.27;54.0;27.73
1349.99;50.0;27.75
1350.71;54.0;27.73
1351.56;50.0;27.75
1352.28;48.0;27.76
1353.0;54.0;27.73
1353.72;50.0;27.75
1354.57;48.0;27.76
1355.29;50.0;27.75
1356.01;48.0;27.76
1356.73;50.0;27.75
1357.58;42.0;27.79
1358.3;50.0;27.75
1359.02;50.0;27.75
1359.74;50.0;27.75
1360.59;50.0;27.75
1361.31;48.0;27.76
1362.03;46.0;27.77
1362.75;48.0;27.76
1363.6;48.0;27.76
1364.32;46.0;27.77
1365.04;48.0;27.76
1365.76;46.0;27.77
1366.61;46.0;27.77
1367.33;46.0;27.77
1368.05;48.0;27.76
1368.76;46.0;27.77
1369.62;40.0;27.8
1370.34;42.0;27.79
1371.06;40.0;27.8
1371.77;46.0;27.77
1372.63;42.0;27.79
1373.35;42.0;27.79
1374.07;46.0;27.77
1374.79;42.0;27.79
1375.64;38.0;27.81
1376.36;46.0;27.77
1377.08;38.0;27.81
1377.79;42.0;27.79
1378.65;40.0;27.8
1379.37;40.0;27.8
1380.09;40.0;27.8
1380.8;40.0;27.8
1381.66;38.0;27.81
1382.38;40.0;27.8
1383.1;40.0;27.8
1383.81;38.0;27.81
1384.67;38.0;27.81
1385.39;38.0;27.81
1386.11;40.0;27.8
1386.83;40.0;27.8
1387.68;40.0;27.8
1388.4;38.0;27.81
1389.12;40.0;27.8
1389.84;34.0;27.83
1390.69;38.0;27.81
1391.41;34.0;27.83
1392.13;38.0;27.81
1392.85;34.0;27.83
1393.7;34.0;27.83
1394.42;38.0;27.81
1395.13;40.0;27.8
1395.85;32.0;27.84
1396.71;32.0;27.84
1397.42;34.0;27.83
1398.14;34.0;27.83
1398.86;32.0;27.84
1399.72;28.0;27.86
1400.43;38.0;27.81
1401.15;28.0;27.86
1401.87;28.0;27.86
1402.73;32.0;27.84
1403.45;32.0;27.84
1404.16;28.0;27.86
1404.88;32.0;27.84
1405.74;28.0;27.86
1406.46;28.0;27.86
1407.17;28.0;27.86
1407.89;26.0;27.87
1408.75;22.0;27.89
1409.46;26.0;27.87
1410.18;28.0;27.86
1410.9;26.0;27.87
1411.76;26.0;27.87
1412.47;26.0;27.87
1413.19;22.0;27.89
1413.91;26.0;27.87
1414.77;28.0;27.86
1415.48;22.0;27.89
1416.2;26.0;27.87
1416.92;22.0;27.89
1417.78;28.0;27.86
1418.49;22.0;27.89
1419.21;22.0;27.89
1419.93;22.0;27.89
1420.78;20.0;27.9
1421.5;20.0;27.9
1422.22;26.0;27.87
1422.94;22.0;27.89
1423.79;22.0;27.89
1424.51;20.0;27.9
1425.23;26.0;27.87
1425.95;22.0;27.89
1426.81;22.0;27.89
1427.52;20.0;27.9
1428.24;18.0;27.91
1428.96;20.0;27.9
1429.81;20.0;27.9
1430.53;22.0;27.89
1431.26;20.0;27.9
1431.97;14.0;27.93
1432.82;18.0;27.91
1433.54;20.0;27.9
1434.26;14.0;27.93
1434.98;18.0;27.91
1435.83;18.0;27.91
1436.55;18.0;27.91
1437.27;18.0;27.91
1437.99;20.0;27.9
1438.84;20.0;27.9
1439.56;18.0;27.91
1440.28;14.0;27.93
1441.0;14.0;27.93
1441.85;20.0;27.9
1442.57;18.0;27.91
1443.29;14.0;27.93
1444.01;18.0;27.91
1444.86;14.0;27.93
1445.58;18.0;27.91
1446.3;12.0;27.94
1447.02;18.0;27.91
1447.87;14.0;27.93
1448.59;18.0;27.91
1449.31;14.0;27.93
1450.03;12.0;27.94
1450.88;18.0;27.91
1451.6;12.0;27.94
1452.32;12.0;27.94
1453.04;8.0;27.96
1453.89;12.0;27.94
1454.61;18.0;27.91
1455.33;8.0;27.96
1456.05;12.0;27.94
1456.9;14.0;27.93
1457.62;12.0;27.94
1458.34;14.0;27.93
1459.06;14.0;27.93
1459.91;12.0;27.94
1460.63;12.0;27.94
1461.35;12.0;27.94
1462.07;14.0;27.93
1462.92;12.0;27.94
1463.64;6.0;27.97
1464.36;12.0;27.94
1465.08;14.0;27.93
1465.93;12.0;27.94
1466.65;14.0;27.93
1467.37;14.0;27.93
1468.09;14.0;27.93
1468.94;14.0;27.93
1469.66;14.0;27.93
1470.38;12.0;27.94
1471.09;14.0;27.93
1471.95;12.0;27.94
1472.67;12.0;27.94
1473.38;8.0;27.96
1474.1;12.0;27.94
1474.96;14.0;27.93
1475.68;18.0;27.91
1476.39;12.0;27.94
1477.11;14.0;27.93
1477.97;8.0;27.96
1478.69;14.0;27.93
1479.4;12.0;27.94
1480.12;14.0;27.93
1480.98;14.0;27.93
1481.7;14.0;27.93
1482.41;14.0;27.93
1483.13;18.0;27.91
1483.99;12.0;27.94
1484.71;12.0;27.94
1485.43;14.0;27.93
1486.15;18.0;27.91
1487.0;18.0;27.91
1487.72;20.0;27.9
1488.43;12.0;27.94
1489.15;18.0;27.91
1490.01;18.0;27.91
1490.72;14.0;27.93
1491.44;14.0;27.93
1492.16;14.0;27.93
1493.02;14.0;27.93
1493.73;18.0;27.91
1494.45;18.0;27.91
1495.17;18.0;27.91
1496.02;14.0;27.93
1496.74;18.0;27.91
1497.46;20.0;27.9
1498.18;20.0;27.9
1499.03;18.0;27.91
1499.75;18.0;27.91
1500.47;18.0;27.91
1501.19;20.0;27.9
1502.04;20.0;27.9
1502.76;22.0;27.89
1503.48;22.0;27.89
1504.2;22.0;27.89
1505.06;20.0;27.9
1505.77;18.0;27.91
1506.49;22.0;27.89
1507.21;20.0;27.9
1508.07;22.0;27.89
1508.78;26.0;27.87
1509.5;22.0;27.89
1510.22;28.0;27.86
1511.07;26.0;27.87
1511.79;26.0;27.87
1512.51;22.0;27.89
1513.23;22.0;27.89
1514.08;26.0;27.87
1514.8;22.0;27.89
1515.52;26.0;27.87
1516.24;20.0;27.9
1517.09;26.0;27.87
1517.81;34.0;27.83
1518.53;26.0;27.87
1519.25;26.0;27.87
1520.1;28.0;27.86
1520.82;22.0;27.89
1521.54;26.0;27.87
1522.26;28.0;27.86
1523.11;28.0;27.86
1523.83;32.0;27.84
1524.55;28.0;27.86
1525.27;32.0;27.84
1526.12;34.0;27.83
1526.84;34.0;27.83
1527.56;32.0;27.84
1528.28;32.0;27.84
1529.13;32.0;27.84
1529.85;34.0;27.83
1530.57;34.0;27.83
1531.29;34.0;27.83
1532.14;34.0;27.83
1532.86;34.0;27.83
1533.58;32.0;27.84
1534.3;28.0;27.86
1535.15;38.0;27.81
1535.87;38.0;27.81
1536.59;34.0;27.83
1537.31;34.0;27.83
1538.16;42.0;27.79
1538.88;38.0;27.81
1539.6;34.0;27.83
1540.32;38.0;27.81
1541.17;40.0;27.8
1541.89;40.0;27.8
1542.61;40.0;27.8
1543.33;38.0;27.81
1544.18;40.0;27.8
1544.9;38.0;27.81
1545.62;46.0;27.77
1546.34;38.0;27.81
1547.19;38.0;27.81
1547.91;38.0;27.81
1548.63;46.0;27.77
1549.35;40.0;27.8
1550.2;46.0;27.77
1550.92;40.0;27.8
1551.64;42.0;27.79
1552.36;42.0;27.79
1553.21;40.0;27.8
1553.93;42.0;27.79
1554.65;40.0;27.8
1555.37;48.0;27.76
1556.22;46.0;27.77
1556.94;48.0;27.76
1557.66;42.0;27.79
1558.37;46.0;27.77
1559.23;46.0;27.77
1559.95;46.0;27.77
1560.67;46.0;27.77
1561.39;46.0;27.77
1562.24;48.0;27.76
1562.96;48.0;27.76
1563.68;46.0;27.77
1564.39;48.0;27.76
1565.25;42.0;27.79
1565.97;46.0;27.77
1566.69;48.0;27.76
1567.4;46.0;27.77
1568.26;46.0;27.77
1568.97;48.0;27.76
1569.69;46.0;27.77
1570.41;46.0;27.77
1571.27;46.0;27.77
1571.99;50.0;27.75
1572.7;48.0;27.76
1573.42;48.0;27.76
1574.28;48.0;27.76
1575.0;46.0;27.77
1575.71;48.0;27.76
1576.43;48.0;27.76
1577.29;50.0;27.75
1578.0;50.0;27.75
1578.72;50.0;27.75
1579.44;48.0;27.76
1580.3;48.0;27.76
1581.01;50.0;27.75
1581.73;50.0;27.75
1582.45;48.0;27.76
1583.31;50.0;27.75
1584.02;48.0;27.76
1584.74;48.0;27.76
1585.46;48.0;27.76
1586.32;48.0;27.76
1587.03;50.0;27.75
1587.75;48.0;27.76
1588.47;54.0;27.73
1589.32;46.0;27.77
1590.04;50.0;27.75
1590.76;48.0;27.76
1591.48;48.0;27.76
1592.33;48.0;27.76
1593.05;48.0;27.76
1593.77;50.0;27.75
1594.49;50.0;27.75
1595.34;48.0;27.76
1596.06;50.0;27.75
1596.78;48.0;27.76
1597.5;48.0;27.76
1598.35;50.0;27.75
1599.07;48.0;27.76
1599.79;48.0;27.76
1600.51;54.0;27.73
1601.36;50.0;27.75
1602.08;50.0;27.75
1602.8;50.0;27.75
1603.52;50.0;27.75
1604.37;50.0;27.75
1605.09;46.0;27.77
1605.81;48.0;27.76
1606.53;48.0;27.76
1607.38;48.0;27.76
1608.1;46.0;27.77
1608.82;48.0;27.76
1609.54;46.0;27.77
1610.39;46.0;27.77
1611.11;46.0;27.77
1611.83;50.0;27.75
1612.55;48.0;27.76
1613.4;48.0;27.76
1614.12;48.0;27.76
1614.84;46.0;27.77
1615.56;48.0;27.76
1616.41;42.0;27.79
1617.13;46.0;27.77
1617.85;42.0;27.79
1618.57;46.0;27.77
1619.42;42.0;27.79
1620.14;48.0;27.76
1620.86;42.0;27.79
1621.57;46.0;27.77
1622.43;48.0;27.76
1623.15;48.0;27.76
1623.87;42.0;27.79
1624.59;42.0;27.79
1625.44;46.0;27.77
1626.16;40.0;27.8
1626.88;42.0;27.79
1627.6;40.0;27.8
1628.45;46.0;27.77
1629.17;40.0;27.8
1629.89;42.0;27.79
1630.61;40.0;27.8
1631.46;42.0;27.79
1632.18;38.0;27.81
1632.9;34.0;27.83
1633.62;42.0;27.79
1634.47;40.0;27.8
1635.19;40.0;27.8
1635.91;40.0;27.8
1636.63;38.0;27.81
1637.48;38.0;27.81
1638.2;40.0;27.8
1638.92;40.0;27.8
1639.63;40.0;27.8
1640.49;38.0;27.81
1641.21;34.0;27.83
1641.92;38.0;27.81
1642.64;34.0;27.83
1643.5;38.0;27.81
1644.22;38.0;27.81
1644.93;32.0;27.84
1645.65;34.0;27.83
1646.51;34.0;27.83
1647.23;34.0;27.83
1647.94;38.0;27.81
1648.66;32.0;27.84
1649.52;34.0;27.83
1650.24;34.0;27.83
1650.95;32.0;27.84
1651.67;32.0;27.84
1652.53;34.0;27.83
1653.24;28.0;27.86
1653.96;28.0;27.86
1654.68;28.0;27.86
1655.54;28.0;27.86
1656.26;32.0;27.84
1656.98;32.0;27.84
1657.69;28.0;27.86
1658.55;32.0;27.84
1659.26;32.0;27.84
1659.98;26.0;27.87
1660.7;28.0;27.86
1661.56;26.0;27.87
1662.28;26.0;27.87
1663.0;28.0;27.86
1663.71;28.0;27.86
1664.56;28.0;27.86
1665.28;22.0;27.89
1666.0;26.0;27.87
1666.72;22.0;27.89
1667.57;26.0;27.87
1668.29;26.0;27.87
1669.01;26.0;27.87
1669.73;28.0;27.86
1670.58;22.0;27.89
1671.3;26.0;27.87
1672.02;22.0;27.89
1672.74;20.0;27.9
1673.59;22.0;27.89
1674.31;22.0;27.89
1675.03;22.0;27.89
1675.75;26.0;27.87
1676.6;26.0;27.87
1677.32;20.0;27.9
1678.04;20.0;27.9
1678.76;22.0;27.89
1679.61;20.0;27.9
1680.33;18.0;27.91
1681.05;18.0;27.91
1681.77;20.0;27.9
1682.62;20.0;27.9
1683.34;22.0;27.89
1684.06;18.0;27.91
1684.78;20.0;27.9
1685.63;14.0;27.93
1686.35;18.0;27.91
1687.07;20.0;27.9
1687.79;18.0;27.91
1688.64;14.0;27.93
1689.36;18.0;27.91
1690.08;20.0;27.9
1690.8;18.0;27.91
1691.65;14.0;27.93
1692.37;14.0;27.93
1693.09;20.0;27.9
1693.81;14.0;27.93
1694.66;18.0;27.91
1695.38;18.0;27.91
1696.1;14.0;27.93
1696.81;12.0;27.94
1697.67;14.0;27.93
1698.39;18.0;27.91
1699.11;12.0;27.94
1699.83;12.0;27.94
1700.68;18.0;27.91
1701.4;14.0;27.93
1702.12;14.0;27.93
1702.83;20.0;27.9
1703.69;14.0;27.93
1704.41;14.0;27.93
1705.13;18.0;27.91
1705.84;18.0;27.91
1706.7;12.0;27.94
1707.42;14.0;27.93
1708.14;14.0;27.93
1708.85;12.0;27.94
1709.71;18.0;27.91
1710.43;12.0;27.94
1711.15;8.0;27.96
1711.86;14.0;27.93
1712.72;18.0;27.91
1713.44;20.0;27.9
1714.15;14.0;27.93
1714.87;14.0;27.93
1715.73;18.0;27.91
1716.45;14.0;27.93
1717.16;8.0;27.96
1717.88;14.0;27.93
1718.74;18.0;27.91
1719.46;14.0;27.93
1720.17;14.0;27.93
1720.89;14.0;27.93
1721.75;18.0;27.91
1722.47;14.0;27.93
1723.18;14.0;27.93
1723.9;18.0;27.91
1724.76;18.0;27.91
1725.48;8.0;27.96
1726.19;12.0;27.94
1726.91;12.0;27.94
1727.77;14.0;27.93
1728.49;18.0;27.91
1729.2;14.0;27.93
1729.92;14.0;27.93
1730.78;18.0;27.91
1731.49;14.0;27.93
1732.21;18.0;27.91
1732.93;18.0;27.91
1733.79;18.0;27.91
1734.5;18.0;27.91
1735.22;18.0;27.91
1735.94;14.0;27.93
1736.8;14.0;27.93
1737.52;18.0;27.91
1738.24;20.0;27.9
1738.96;18.0;27.91
1739.81;18.0;27.91
1740.52;18.0;27.91
1741.24;14.0;27.93
1741.96;18.0;27.91
1742.81;14.0;27.93
1743.53;18.0;27.91
1744.25;20.0;27.9
1744.97;18.0;27.91
1745.82;18.0;27.91
1746.54;14.0;27.93
1747.26;20.0;27.9
1747.98;18.0;27.91
1748.83;14.0;27.93
1749.55;22.0;27.89
1750.27;20.0;27.9
1750.99;18.0;27.91
1751.84;22.0;27.89
1752.56;20.0;27.9
1753.28;20.0;27.9
1754.0;20.0;27.9
1754.85;22.0;27.89
1755.57;22.0;27.89
1756.29;20.0;27.9
1757.01;20.0;27.9
1757.86;20.0;27.9
1758.58;20.0;27.9
1759.3;22.0;27.89
1760.02;20.0;27.9
1760.87;26.0;27.87
1761.59;20.0;27.9
1762.31;20.0;27.9
1763.03;26.0;27.87
1763.88;28.0;27.86
1764.6;20.0;27.9
1765.32;22.0;27.89
1766.04;22.0;27.89
1766.89;22.0;27.89
1767.61;26.0;27.87
1768.33;22.0;27.89
1769.05;22.0;27.89
1769.9;28.0;27.86
1770.62;26.0;27.87
1771.34;22.0;27.89
1772.06;26.0;27.87
1772.91;26.0;27.87
1773.63;22.0;27.89
1774.35;26.0;27.87
1775.07;28.0;27.86
1775.92;26.0;27.87
1776.64;28.0;27.86
1777.36;28.0;27.86
1778.08;28.0;27.86
1778.93;28.0;27.86
1779.65;28.0;27.86
1780.37;26.0;27.87
1781.09;28.0;27.86
1781.94;28.0;27.86
1782.66;32.0;27.84
1783.38;34.0;27.83
1784.1;32.0;27.84
1784.95;32.0;27.84
1785.67;32.0;27.84
1786.39;32.0;27.84
1787.11;28.0;27.86
1787.96;34.0;27.83
1788.68;28.0;27.86
1789.4;28.0;27.86
1790.11;34.0;27.83
1790.97;32.0;27.84
1791.69;32.0;27.84
1792.41;34.0;27.83
1793.12;38.0;27.81
1793.98;34.0;27.83
1794.7;34.0;27.83
1795.41;38.0;27.81
1796.13;34.0;27.83
1796.99;34.0;27.83
1797.71;34.0;27.83
1798.43;38.0;27.81
1799.15;38.0;27.81
1800.0;40.0;27.8
1800.72;32.0;27.84
1801.43;38.0;27.81
1802.15;38.0;27.81
1803.01;40.0;27.8
1803.72;38.0;27.81
1804.44;38.0;27.81
1805.17;40.0;27.8
1806.02;38.0;27.81
1806.74;38.0;27.81
1807.46;38.0;27.81
1808.17;40.0;27.8
1809.03;38.0;27.81
1809.75;40.0;27.8
1810.46;42.0;27.79
1811.18;40.0;27.8
1812.04;40.0;27.8
1812.75;40.0;27.8
1813.47;40.0;27.8
1814.19;42.0;27.79
1815.05;34.0;27.83
1815.76;42.0;27.79
1816.48;42.0;27.79
1817.2;42.0;27.79
1818.06;38.0;27.81
1818.77;42.0;27.79
1819.49;40.0;27.8
1820.21;42.0;27.79
1821.07;40.0;27.8
1821.78;40.0;27.8
1822.5;46.0;27.77
1823.22;46.0;27.77
1824.08;42.0;27.79
1824.79;42.0;27.79
1825.51;42.0;27.79
1826.23;46.0;27.77
1827.08;42.0;27.79
1827.8;46.0;27.77
1828.52;42.0;27.79
1829.24;40.0;27.8
1830.09;46.0;27.77
1830.81;40.0;27.8
1831.53;42.0;27.79
1832.25;40.0;27.8
1833.1;46.0;27.77
1833.82;42.0;27.79
1834.54;42.0;27.79
1835.26;46.0;27.77
1836.11;40.0;27.8
1836.83;42.0;27.79
1837.55;46.0;27.77
1838.27;42.0;27.79
